time,x,y,z,phi,theta,psi,x_velocity,y_velocity,z_velocity,phi_velocity,theta_velocity,psi_velocity,rotor_speed1,rotor_speed2,rotor_speed3,rotor_speed4
0.02,0.0,0.0,10.000264945094433,0.0019826763133012903,0.0001022412835096631,0.0,0.0,0.0,0.02649450944333263,0.008905450720319473,-0.0020222886392411007,0.0,431.0957037650142,430.5828565006947,428.7058578542166,430.96951998185773
0.04,-2.457555479681204e-07,4.765720507665791e-06,10.001236512698231,0.005166637664192564,0.0013977515884455727,0.0,-2.457555479681204e-05,0.00047657205076657907,0.07066225093642793,-0.0020596800796022566,-0.009332435225242016,0.0,447.4097127166563,445.6210013944013,449.0021641226641,446.32581777805416
0.06,-3.833312812006335e-06,2.5741303016885546e-05,10.002902745580046,0.006147101212171435,0.0012346950738706397,0.0,-0.0003341801716070094,0.0016209862001553964,0.09596103724516922,-0.008452354479479264,-0.008360999382173181,0.0,429.6838300901725,429.9308954722946,429.3909010862025,427.76120943724356
0.08,-1.3467381085843749e-05,7.285022093587605e-05,10.005249550159185,0.00604648588416179,0.0022807473070152184,0.0,-0.000629226655776732,0.003089905591743654,0.13871942066864096,-0.010106824323018711,-0.0013945879077113211,0.0,444.7395030890439,446.4477994816628,446.19313623599004,445.7879372231888
0.1,-3.165977192949793e-05,0.00014951517591842338,10.008520669987353,0.006305402117277481,0.005224692358506644,0.0,-0.0011900124285886863,0.00457658990651108,0.1883925621481865,-0.014401251966259247,-0.012297499096280952,0.0,453.1041353493094,450.4673850504557,453.1435041534283,452.1069837990767
0.12000000000000001,-6.880626594587427e-05,0.00025715353952064564,10.012880902922735,0.006109936709510322,0.006779390508847349,0.0,-0.0025246369730489463,0.006187246453711144,0.24763073138988007,-0.01247709364057367,-0.003810690197133079,0.0,460.9021416026511,462.90977218747673,459.7358218230958,460.1930074667062
0.14,-0.00013752978619206471,0.00039732853415373157,10.018560573147008,0.006212510417648254,0.008069549075640836,0.0,-0.004347715051570097,0.007830253009597454,0.3203362910375078,-0.008724145034746167,-0.011203585085433345,0.0,472.8071714487082,471.09571722019524,473.52427017595295,474.38956959088785
0.16,-0.00024315466375080831,0.0005683069577021773,10.025318909904492,0.009204649160918343,0.007891814109400208,0.0,-0.006214772704304263,0.009267589345247114,0.35549738471097825,0.0025304036349525112,-0.00984216324826386,0.0,439.2187552705084,439.5574206199739,436.70362840937156,439.51058471880356
0.18,-0.00038626217083735626,0.0007755992701379045,10.032850443042415,0.009426350676132067,0.007732827539758347,0.0,-0.00809597800435053,0.011461641898325606,0.3976559290812985,-8.565020635105261e-05,-0.00861160735235578,0.0,445.9405972762438,446.24212438884445,444.9473333936942,444.3044126662707
0.19999999999999998,-0.0005675229975144093,0.001028407971526773,10.04134257541594,0.009451837822900266,0.007562025876271861,0.0,-0.010030104663354774,0.01381922824056123,0.4515573082712759,-0.0011287254844644216,-0.008372401703560467,0.0,455.2772393629303,455.33476464354266,457.2602907008555,457.01098149172816
0.21999999999999997,-0.0007908351392742635,0.0013331763904133747,10.051414674041114,0.009576414208193107,0.00790445036400289,0.0,-0.012301109512630653,0.01665761364809894,0.5556525542460754,-0.003554840856680212,-0.012888473101588036,0.0,499.66569719887843,498.6773105605664,500.935813279985,500.40638156131
0.23999999999999996,-0.0010572216498186422,0.0016909986712420435,10.063141828448527,0.009505802330227908,0.008169568201438437,0.0,-0.014337541541807202,0.019124614434767925,0.6170628864953169,-0.0036941160042993967,-0.008315127282748011,0.0,463.07011989490223,464.14809407308496,462.71258463234886,462.6797651204623
0.25999999999999995,-0.0013612935395333015,0.0020936430964169834,10.075641088306485,0.011364314806486142,0.011645268953507149,0.0,-0.016069647429658735,0.02113982808272606,0.6328630993003989,0.0050976865329378125,0.0037546751973644866,0.0,417.8323802262163,420.9769516309808,420.01384330003924,422.2948617904066
0.27999999999999997,-0.0017132634256841772,0.0025462756959464686,10.088961728943417,0.01378992570744142,0.01381422487664441,0.0,-0.019127341185428828,0.024123431870222468,0.6992009643927164,-0.004543178926752574,-0.005397073092859061,0.0,469.3351876011206,467.1996743129182,468.15979364457513,465.9041813354298
0.3,-0.002126023677269483,0.0030589003947882588,10.103170496355323,0.01372922262144094,0.01370792107105867,0.0,-0.022148683973101723,0.027139038013956528,0.7216757767980385,-0.0034448075408496327,-0.0051411312032721155,0.0,426.58322083506084,426.64886545428004,427.1737113532595,427.4546493260803
0.32,-0.0025986933810075463,0.003631418514893465,10.117807963241887,0.014011053138418994,0.01375111455812128,0.0,-0.025118286400704577,0.030112773996564115,0.7420709118582467,-0.007190347116371157,-0.0027243886755866607,0.0,423.96236032585585,424.5848450517918,426.1366051138224,425.1751982398873
0.34,-0.0031323626050031397,0.00426556340002046,10.132963375177946,0.014053682071390128,0.013723983347375679,0.0,-0.028248635998854774,0.03330171451613547,0.7734702817477106,-0.009921177578323979,-0.0016783186441543608,0.0,435.9112983247778,436.1734818798795,435.5625769476195,434.8770915899823
0.36000000000000004,-0.003726848775074496,0.004961813567702112,10.148620833274403,0.014603577649289434,0.013879708782779332,0.0,-0.0311999810082809,0.03632330225202968,0.7922755278980752,-0.004450093117393164,-0.004429985835418668,0.0,422.8131402811868,422.101477006553,423.8029597252053,425.2113023489529
0.38000000000000006,-0.0043826617684383975,0.005721744119597155,10.16479589783214,0.014893295689746289,0.020962931518424988,0.0,-0.0343813183281092,0.039669752937474614,0.825230927875727,-0.0005579476791796891,0.012507336801118766,0.0,434.93823670385734,439.17271331409006,436.83292061756913,437.8054667978284
0.4000000000000001,-0.00511629856491461,0.006547817382204144,10.181532736102973,0.01696810280472061,0.021349782475513557,0.0,-0.03898236131951207,0.04293757332322432,0.8484528992074741,-0.009692423183680944,0.010168925194357439,0.0,428.4001025944124,427.80314747192864,428.88248672979597,426.548971180079
0.4200000000000001,-0.005948206309503663,0.007448090258324364,10.198986802607518,0.017276438312687326,0.02170806003444259,0.0,-0.04420841313939328,0.04708971428879763,0.8969537512471674,-0.014174315514562937,0.012658094172487493,0.0,451.93543205129106,452.53671951091803,452.0255113845688,450.94095083803006
0.4400000000000001,-0.00689833485593502,0.00844236173576578,10.218001336131854,0.017197681055194813,0.023560457676929936,0.0,-0.05080444150374235,0.05233743345534392,1.0044996011864467,-0.01131264430494877,0.02065618334187732,0.0,502.2829006325121,504.019642878597,503.26232949551166,503.88339259451675
0.46000000000000013,-0.00796332593214096,0.009524789714585556,10.238204103638592,0.016972228130682332,0.025412124449974094,0.0,-0.055694666116851574,0.05590536442663379,1.0157771494873518,-0.011133763161568123,0.028241809502470103,0.0,414.2892201815627,416.28511546534827,417.6517423894808,417.69865414589776
0.48000000000000015,-0.009140536057660442,0.010685164433652132,10.259048191925777,0.01791995026125104,0.028439671023290813,0.0,-0.06202634643509654,0.06013210748002382,1.0686316792309403,-0.00429154891821112,0.038166950072291164,0.0,454.432751311913,456.813178002423,455.86833328422057,457.50552822969183
0.5000000000000001,-0.010434184785515496,0.011921257633557933,10.280325740908202,0.01845618949578043,0.029767604554170823,0.0,-0.06733852635040885,0.0634772125105563,1.059123219011488,0.0006967181672334847,0.03341471047633445,0.0,396.4910308252404,395.18010087629597,394.16002294311033,395.5405222286587
0.5200000000000001,-0.011859760088604003,0.013239632109981359,10.302192112769982,0.018729712304356383,0.03225741125002202,0.0,-0.07521900395844192,0.06836023513178632,1.127513967166492,-0.0025256315669272803,0.024878874286892966,0.0,471.19977525881535,469.2165947250992,470.6185157283147,469.8697478156285
0.5400000000000001,-0.01344576620928207,0.014654198384473365,10.325309319434744,0.021500512569553543,0.03275908385008286,0.0,-0.08338160810936479,0.0730963923174144,1.1842066993097917,-0.013148838044324724,0.024474146510559715,0.0,459.536586484049,459.44041635524974,461.5968389832846,459.0753160974498
0.5600000000000002,-0.015174988808313953,0.01615651575784481,10.348910176871106,0.02124364131924672,0.03433299839637982,0.0,-0.08954065179382346,0.07713534501973046,1.17587904432648,-0.01265465141642756,0.031060288373853343,0.0,396.08013532742495,397.89311290777005,396.74023228668807,396.8764115343529
0.5800000000000002,-0.01705671915665987,0.017755432717513384,10.373111907122285,0.02104257184752889,0.03499890183705556,0.0,-0.09863238304076838,0.08275635094712654,1.244293980791397,-0.014097198561044803,0.029723162004377527,0.0,470.5890591888437,470.2787583254577,470.78803775136157,470.4532398663831
0.6000000000000002,-0.019110531276136603,0.01945931255057666,10.39835299518704,0.02101671991530818,0.036312464208391404,0.0,-0.10674882890690462,0.08763163235920111,1.2798148256839976,-0.017297773753098857,0.03508636675992599,0.0,440.22178241882546,441.5512744028644,440.77732237436663,439.98329328609054
0.6200000000000002,-0.021333688098656083,0.02126292943003297,10.424413613699008,0.023347035952990147,0.03802388568781545,0.0,-0.11556685334504323,0.09273005558643015,1.3262470255128762,-0.006951235176851783,0.02873122980081712,0.0,452.0890777802128,450.5509486707758,449.25317349400865,451.76276383403734
0.6400000000000002,-0.023749248865648432,0.023181459403592373,10.451714992490938,0.02386455010878219,0.038684511771061914,0.0,-0.1259892233541919,0.09912294176950996,1.4038908536801173,-0.0018266323265639694,0.030585969537059308,0.0,478.85329085096566,479.2765017544256,478.33302000667055,479.5023491984059
0.6600000000000003,-0.026364356675967326,0.02522265489021183,10.480292405530914,0.02383832436772515,0.04449584932160722,0.0,-0.13552155767769766,0.10499660689243592,1.4538504503173226,-0.0011845449345624483,0.016164293962003758,0.0,455.8416933669524,452.37176016232456,454.8116911155544,454.9659671166405
0.6800000000000003,-0.029155787444017412,0.02736591492880951,10.509225577619684,0.023994631719268966,0.045291331469563545,0.0,-0.143621519127311,0.10932939696733228,1.4394667585596745,-0.0038678134655541767,0.011818278459425242,0.0,392.0127644516638,390.7994037491869,391.6759997236949,390.9267178448584
0.7000000000000003,-0.032159753495677845,0.02962209428900401,10.538953696638687,0.02615959959542913,0.04753577812221277,0.0,-0.15677508603873208,0.11628853905211782,1.5333451433406367,0.005602823567868976,0.020780602005159063,0.0,492.4477966058984,494.43230675648397,491.9937483092725,494.0927229040855
0.7200000000000003,-0.03542871010908157,0.032021200021533025,10.570462324993787,0.026273128707136273,0.04917735794459954,0.0,-0.1701205753016411,0.12362203420078391,1.6175176921694168,0.005845528355578923,0.013777837458827998,0.0,486.5677875375056,484.992555404793,484.70858275253767,484.76319430858115
0.7400000000000003,-0.03895773755947821,0.03456117406584524,10.603421649257093,0.02682174476748944,0.0504358896691226,0.0,-0.18278216973802291,0.13037537023043738,1.6784147341613278,0.010001033105865668,0.020048323804707724,0.0,464.00927320162845,465.4834635245644,464.9878040360958,465.9632125361939
0.7600000000000003,-0.04272312217291192,0.03722692955227677,10.637200319358799,0.028945946371905507,0.05148863070102916,0.0,-0.19375629160534777,0.1362001784127157,1.6994522760093291,0.0012279357228450714,0.014942348654698854,0.0,428.48858374145755,427.1844726364899,429.57110427818793,427.3334970324094
0.7800000000000004,-0.04673097214694489,0.04002540936657626,10.671800765109138,0.02900051204771259,0.05178786696587512,0.0,-0.2070287057979488,0.1436478030172333,1.7605922990244998,0.00013236351892289742,0.014817562156783017,0.0,466.4598524563458,466.43050355741605,464.9210948182966,464.6635015017432
0.8000000000000004,-0.050981425078338444,0.04295976028962569,10.707168374427365,0.029483304779000186,0.05387276421041598,0.0,-0.21801658734140614,0.14978728928771026,1.7761686327982869,-0.004250080826001779,0.023275803111982234,0.0,422.42173858029935,424.6040061881409,423.2675554537993,422.13463995176085
0.8200000000000004,-0.05548107167514374,0.04603158573667967,10.743310879539406,0.029418798978279703,0.05997987574589647,0.0,-0.23194807233912346,0.15739525541768715,1.8380818784058106,-0.0051555269215701385,0.03829791411309097,0.0,465.1878881613134,468.70329875870794,466.3274350646937,466.115298940732
0.8400000000000004,-0.060262380103923485,0.049249134656946233,10.780478790160215,0.029786990852760376,0.060773041450525866,0.0,-0.24618277053885124,0.16435963660896977,1.8787091836751477,-0.0008136268171824411,0.03934112880562007,0.0,448.1091188768518,448.36413716935954,446.1565509322057,447.2187990814597
0.8600000000000004,-0.06531555632434329,0.05259963156131919,10.818217348862941,0.030216601900815654,0.06211576063603985,0.0,-0.25913485150312887,0.17069005382832603,1.8951466865974773,0.0034095643193818555,0.04405662076044855,0.0,423.4854499720626,424.701325333894,424.35740731615437,425.4435265242963
0.8800000000000004,-0.07064400848377039,0.05608413289271662,10.85649926774164,0.030957477303033443,0.06314214217538083,0.0,-0.2737103644395819,0.17776007931141669,1.9330452012723658,0.008596795240904835,0.046467007651650696,0.0,445.131367128119,445.723782749271,444.2423080593768,445.51635423602113
0.9000000000000005,-0.07628388086378868,0.05972032340122882,10.895815491010495,0.03231200256968414,0.06407670330838044,0.0,-0.29027687356224713,0.18585897153980357,1.998577125613317,0.0017190358329801786,0.046923996927958886,0.0,470.2817790134276,470.3891019361067,471.40371727345723,469.8065999430614
0.9200000000000005,-0.08222378935365016,0.06350503235875525,10.935916274606047,0.03242607904722661,0.06501668140699834,0.0,-0.30371397542390083,0.19261192421284026,2.0115012339419756,0.0035044854781177965,0.0466791982303575,0.0,421.16016504661184,421.09809491160206,421.76637585197,422.2286759022419
0.9400000000000005,-0.08845997121506677,0.06743774977177402,10.976667600278041,0.03686475006261691,0.06733539248578158,0.0,-0.31990421071776093,0.2006598170890365,2.063631333257539,0.016723534318073215,0.0392357390501757,0.0,460.2046264834641,458.43502083254833,456.63625190277236,459.78864389467486
0.9600000000000005,-0.09499895643677783,0.07152780287801695,11.01806400621093,0.044559966812435015,0.06814181388162499,0.0,-0.3339943114533466,0.20834549353525608,2.0760092600312343,0.033882492402359174,0.04016754621563115,0.0,420.9954062061476,421.23806465316403,419.399966663817,423.8471223132032
0.9800000000000005,-0.10184341702836329,0.07580196255850821,11.060028815419212,0.04528015357323678,0.0691661584759542,0.0,-0.35045174770520005,0.21907047451387077,2.12047166079708,0.03518689897631915,0.043140717384716504,0.0,451.9425780301472,452.66168449758845,451.8485426199896,452.1643342177104
1.0000000000000004,-0.10901059649552111,0.08028651318362212,11.102754037834849,0.046154286234578734,0.07331351413020659,0.0,-0.36626619901058255,0.22938458799751976,2.152050580766488,0.037797605254827,0.03167853381166503,0.0,441.4991295563175,438.65400973584724,440.2172497910048,440.86537643129805
1.0200000000000005,-0.11650245240454295,0.08497862206819809,11.146095438122428,0.04695887573169699,0.07486764794745326,0.0,-0.38291939189160107,0.23982630046007708,2.182089447991432,0.03640279498785129,0.02561037711951135,0.0,439.30107528134033,437.789401663943,439.74248732993664,439.39644192966045
1.0400000000000005,-0.12432239462029572,0.08987603360395317,11.189923832275225,0.04807971100240316,0.07540726649949914,0.0,-0.3990748296836756,0.24991485311543152,2.200749967288339,0.03243906255011623,0.02456326662571663,0.0,429.7810907409956,429.5149150198461,427.3953347012088,426.3813469587259
1.0600000000000005,-0.1325129995920173,0.09500710721450135,11.23473823464762,0.04903449123694781,0.07728826980999948,0.0,-0.4199856674884811,0.2631925079393861,2.2806902699513163,0.03593762787631628,0.017107428703696186,0.0,485.4780303478501,483.7969454584199,483.8407294046942,484.63052954544787
1.0800000000000005,-0.14109419641584833,0.10038555177883159,11.280727280564996,0.04990095302726694,0.07776600610776985,0.0,-0.4381340148946219,0.274651948493637,2.318214321786126,0.038368341621642904,0.014778585869182032,0.0,446.9260668790393,446.35620606246897,446.6024040972348,447.19733184545225
1.1000000000000005,-0.1500286253270712,0.1059882280659123,11.327327115083976,0.05182668329265372,0.08019067940418179,0.0,-0.45530887622766575,0.28561568021443395,2.3417691301120547,0.045175289345707983,0.02400702361135301,0.0,432.59858867501964,434.9234014592334,432.7950283703444,434.511081124585
1.1200000000000006,-0.15934569511468874,0.11183616083545907,11.374817273060948,0.05304890931884465,0.08081774361287941,0.0,-0.47639810253408954,0.29917759674024336,2.4072466675851993,0.04160474182872096,0.02158278157334609,0.0,472.68946072333574,472.12872782195893,473.0654096355903,472.2409588022419
1.1400000000000006,-0.16904043853898187,0.11792853590590803,11.423052142411906,0.0539158128693602,0.08126401146365847,0.0,-0.49307623989522475,0.31005991030465313,2.416240267510638,0.04042476362652809,0.02234730022745718,0.0,419.69301538712455,419.8920672092555,420.313346892263,420.0074841149589
1.1600000000000006,-0.17909590428479205,0.12425765794617402,11.471787996925613,0.05506859839295153,0.08285634435463685,0.0,-0.5124703346857916,0.32285229372194546,2.457345183860095,0.0441357756236018,0.029116013211264155,0.0,449.3525998637215,450.99568396590234,451.0950051527156,451.9939158646012
1.1800000000000006,-0.18955616275114362,0.13085401197610685,11.52150292799065,0.0561571209971623,0.08525895296725405,0.0,-0.533555511949367,0.3367831092713381,2.5141479226434624,0.047004971272133954,0.0376489806866323,0.0,463.8067413999713,465.8130522255497,465.68561757707255,466.35941544084415
1.2000000000000006,-0.2004244489830933,0.13771869611432427,11.572122043526853,0.05908641402763237,0.0861860126319689,0.0,-0.5532731112456022,0.34968530455040514,2.5477636309768354,0.03808489592485653,0.03501019269983186,0.0,444.47388007880437,443.8253097495042,445.8347702939932,443.64431636710884
1.2200000000000006,-0.21171601270348323,0.1448664214326046,11.623721968364483,0.06033087379304192,0.08766485026032456,0.0,-0.575883260793391,0.3650872272776245,2.6122288527862403,0.033690527497369206,0.04059099470083107,0.0,473.2305628385759,474.51795925152675,472.21948633326645,471.2020871736794
1.2400000000000007,-0.22346852279451598,0.15232871566163028,11.676665667100915,0.06100553317330348,0.08893765105318518,0.0,-0.5993677483098838,0.38114219562494633,2.6821410208569656,0.03350626352210665,0.04488508784767527,0.0,476.8615884653478,477.84534130386186,478.54753230841544,478.5058213627267
1.2600000000000007,-0.23568777745530198,0.16010950406250332,11.73093576956642,0.061800002567212964,0.09032956246354917,0.0,-0.622557717768716,0.39693664446235655,2.744869225693566,0.03127606959809522,0.04043892251826676,0.0,473.3858998753484,472.3594421880332,471.3657399690367,470.8488006223936
1.2800000000000007,-0.24836186403716834,0.16819959212127727,11.786320894230581,0.062491102905780416,0.09203615089706485,0.0,-0.6448509404179188,0.41207216141504077,2.7936432407224268,0.02965645301870454,0.046431618015787074,0.0,458.90008719979323,460.32572011697795,460.2251214869475,459.8406919328532
1.3000000000000007,-0.26143041428574104,0.17655639573931683,11.842079428490202,0.06318057681148304,0.09298070099947697,0.0,-0.6620040844393508,0.4236082003889147,2.7822101852396517,0.027693344816606097,0.04722955891826423,0.0,401.35938867552676,401.57812381907786,402.1204889643667,401.587002627946
1.3200000000000007,-0.27489078748265233,0.18517695570167386,11.898111620531349,0.0640012675387327,0.09428938361257977,0.0,-0.684033235251774,0.4384477958467895,2.8210090188751997,0.024426396204109056,0.04341332289444566,0.0,451.7555075873798,450.832717997447,451.0073925129917,450.2152907474688
1.3400000000000007,-0.2887962854642918,0.19409714665423997,11.954934229811835,0.06465858210929554,0.0955800664722446,0.0,-0.7065165629121711,0.4535712994098212,2.8612519091734545,0.021828037903329982,0.04752387712362559,0.0,451.9048750092061,452.8988164395343,453.01045441605663,452.3832868367464
1.3600000000000008,-0.30317874205843415,0.2033376129822828,12.012812973328144,0.0670189237488561,0.09748589261315654,0.0,-0.7317290965020615,0.47047533339446296,2.92662244245728,0.030600223221695255,0.05370561991490888,0.0,474.90951590793566,476.33104746099195,474.33302429956126,476.3496995512318
1.3800000000000008,-0.3180467313952402,0.2129060140579993,12.071755788034425,0.06771627546211079,0.10303582105456055,0.0,-0.7550698371785431,0.48636477417718527,2.967659028170849,0.03244789471653077,0.06708592789806955,0.0,452.7012023058753,455.92156221954696,453.4619004382549,453.9072467304969
1.4000000000000008,-0.33336832941927774,0.2227764601630493,12.131263098297861,0.06886082000664295,0.10439079955785147,0.0,-0.777089965225212,0.5006798363278161,2.9830719981728486,0.027995539608494685,0.06781421205497036,0.0,429.96581972890345,430.15441312782093,430.7198022394441,429.5890979671482
1.4200000000000008,-0.34918838393235546,0.23297177869249416,12.191603005067659,0.06992257911148947,0.10626250272118565,0.0,-0.8049154860825639,0.5188520166166704,3.0509186788068963,0.03247593384416814,0.063273644151128,0.0,478.1651973598163,477.12947206953334,479.09539290392735,480.1164107766172
1.4400000000000008,-0.3655501468985832,0.24352029999026656,12.253113795337073,0.07139596025781536,0.10771434077131747,0.0,-0.8312608105402073,0.5360001131605688,3.1001603481346085,0.03821653475153796,0.06054333158946463,0.0,462.53790653843475,461.89512126366543,462.121932812441,463.4778178440027
1.4600000000000009,-0.3823856620777893,0.25437787793230615,12.31508487073717,0.07217000265459639,0.10989911240893413,0.0,-0.852290707380404,0.5497576810433927,3.0969471918749187,0.03883980681895171,0.05430184136411766,0.0,413.7628112622227,412.1139044129591,412.2084856549524,412.3745258673322
1.4800000000000009,-0.3996682105937744,0.2655265059476293,12.37719128668113,0.07319733894367886,0.11264181968836695,0.0,-0.8759641442181061,0.565105120488921,3.1136944025210918,0.04200549886148122,0.04616139800481482,0.0,433.0170985093867,430.9598044984394,432.6047475889031,433.40450568839907
1.5000000000000009,-0.41743326977590856,0.27698621253563044,12.439659416441943,0.07470244653697122,0.11375642776489414,0.0,-0.9005417739953102,0.5808655383111972,3.1331185735601337,0.03684798932271189,0.048928202055923055,0.0,434.49487627892177,435.1915282757929,436.40079740240617,435.10833052946555
1.520000000000001,-0.43567538759818203,0.288753223378659,12.502367210089817,0.07550975059629383,0.11473829215909781,0.0,-0.923670008232036,0.5958355459916542,3.1376607912273053,0.03852541917660811,0.04856486457723761,0.0,420.94627303098974,420.85356100871206,420.69877492709975,421.13500249691214
1.540000000000001,-0.45445550007502333,0.30086922006861816,12.565800241383887,0.0775383672268104,0.11586848575683373,0.0,-0.9543412394520944,0.6157641230042629,3.2056423381795547,0.0314314548491419,0.04604378301416816,0.0,480.67082274667706,480.0985652450314,480.6514711452392,479.0364722188512
1.560000000000001,-0.4738130932292382,0.31336311574082326,12.63025778768577,0.07824262200548304,0.12116276415721305,0.0,-0.9814180759693911,0.6336254442162447,3.2401122920087637,0.029692194297181018,0.05927012451905304,0.0,448.6446018557489,451.856074691376,450.6795064318392,450.257896638545
1.580000000000001,-0.4937703679374106,0.3262451537210747,12.695778758991473,0.08089471848614238,0.12529748759819181,0.0,-1.0143093948478488,0.6545783538088964,3.311984838561631,0.02061860053348178,0.04840859433109634,0.0,485.118113769234,482.6673045537686,485.88871244627,483.84384558715186
1.600000000000001,-0.5143446858501581,0.3395198985309736,12.762324164023251,0.08169711150640246,0.12626651340227468,0.0,-1.0431223964268979,0.6728961271809931,3.342555664616235,0.024568390449870657,0.04859340964006671,0.0,447.2871800290123,447.33375308142166,447.7463714952848,448.7093661224498
1.620000000000001,-0.5354200493044351,0.35311290585162936,12.828871816694702,0.08234974801673989,0.12724023416887142,0.0,-1.0644139490007987,0.6864046048845802,3.3122096025289514,0.027108222738351714,0.04886562821364467,0.0,386.88279663982865,386.9615226900443,386.000875238907,386.7194962438044
1.640000000000001,-0.5570010065720135,0.36702726447766393,12.895420066064046,0.08306451497796097,0.12833383303296753,0.0,-1.0936817777570356,0.7050312577188776,3.34261533440548,0.024480657276146237,0.0510223507254462,0.0,447.3081606962036,447.83622734724537,448.27414447474195,447.6332792643532
1.660000000000001,-0.5792046457872722,0.38133801890230723,12.962844080691925,0.08382249897247451,0.1307396148465827,0.0,-1.126682143768839,0.7260441847454515,3.3997861283822437,0.02120425162976651,0.05846636791808079,0.0,471.7905933242942,473.513238375912,472.73931289185515,471.98134248228536
1.680000000000001,-0.601991298715945,0.3960178505920239,13.03077996493767,0.0848305230800177,0.13237287389726315,0.0,-1.1519831490984542,0.7419389842262161,3.393802296192398,0.026037217902968007,0.06277418264166724,0.0,411.7586629345358,412.90310999825255,412.97142660956274,414.2484639792091
1.700000000000001,-0.6253771363628714,0.4110746315987948,13.099268535062004,0.08659581346460499,0.13364569143068916,0.0,-1.1866006155941795,0.7637391164508786,3.4550547162409457,0.03309284268473621,0.06360686218609796,0.0,475.80828785402895,476.00206453592153,476.6377763736091,478.2528373929079
1.720000000000001,-0.6494032514370794,0.42653617983185926,13.168570107737711,0.08837790797813483,0.13493369921533738,0.0,-1.2160108918266241,0.7824157068555643,3.4751025513297846,0.026398852365547634,0.06281010523630697,0.0,438.6987727648998,438.5032509809406,440.82470772132774,439.16248567744
1.740000000000001,-0.6740454367850736,0.4423912429262226,13.238454837389817,0.08895590248258856,0.13638427326670666,0.0,-1.2482076429727849,0.8030906025807744,3.513370413880783,0.02498439194344179,0.06559845203427492,0.0,456.8026461372751,457.4719759585591,456.39931168705635,456.06061847915663
1.7600000000000011,-0.6993425333920228,0.4586658554339155,13.309158196681375,0.08954168751229918,0.140828206452694,0.0,-1.2815020177221348,0.8243706481885182,3.5569655152751163,0.02312862050448313,0.07679124283067945,0.0,460.67281304641745,463.3234629477836,462.0675509804998,461.62850090395284
1.7800000000000011,-0.7253273195197416,0.47537423379637994,13.38080938863994,0.09022144517123198,0.14249644121643001,0.0,-1.3169765950497476,0.8464671880579214,3.6081536805813363,0.02607606175983172,0.07909263290732967,0.0,469.0685738511387,469.6087763219843,468.91189624018614,469.59834311475953
1.8000000000000012,-0.7520534840660975,0.49254343201499234,13.453675162426968,0.09346428710529242,0.14644886112812383,0.0,-1.3556398595858408,0.8704526338033156,3.678423698121471,0.015642805894351908,0.08883032720022585,0.0,486.06636648874775,488.25522855207583,487.1880687066582,484.8421304167497
1.8200000000000012,-0.7794972176362388,0.5101588244999925,13.527496107825552,0.09483328024136384,0.1496761044356516,0.0,-1.388733497428296,0.8910866146967004,3.7036708417367787,0.00914315354000338,0.08121288205497362,0.0,447.1854717969784,445.32650405595774,447.75985539237837,446.1705244947734
1.8400000000000012,-0.8076446703249682,0.5282114604258983,13.602048742518246,0.09502023039743257,0.1516660260912479,0.0,-1.42601177144465,0.9141769778938751,3.7515926275326024,0.008738822721566878,0.08503735072132024,0.0,467.13129701754326,468.03015364705107,468.33291904891576,468.2384310913308
1.8600000000000012,-0.8365603734917274,0.5467371561670691,13.677673965270118,0.09646421103362801,0.15352386509342786,0.0,-1.4655585452312616,0.9383925962231976,3.8109296476547643,0.015864001124286084,0.08754407757324242,0.0,477.54351788197806,478.1222214555383,478.5265996392169,480.1509697505988
1.8800000000000012,-0.8661123698544827,0.5656513914166762,13.753458368947195,0.09729026916339567,0.1552823144746549,0.0,-1.4896410910442734,0.9530309287375122,3.7675107200528046,0.011352779084607509,0.08699388379785798,0.0,377.6820599460597,377.5306516671095,378.5494639027038,377.2446978161933
1.9000000000000012,-0.8962198904758338,0.5849035858037595,13.828825217662963,0.09753352650486491,0.1625477021121684,0.0,-1.521110971090841,0.9721885099708125,3.769174151524116,0.012157807277337729,0.10186063860387612,0.0,423.1760903007941,427.0049418783621,424.855477960094,425.06239531395215
1.9200000000000013,-0.9270166555513102,0.6045660501037483,13.904498510916978,0.09879661588547961,0.1658038907033399,0.0,-1.5585655364567939,0.9940579200280806,3.7981551738775177,0.01854508599387356,0.09487787176230382,0.0,452.4526879663101,450.771697300926,451.1266136018092,452.67120241954234
1.9400000000000013,-0.9585729899619228,0.6246702951285296,13.980767548086916,0.09940207242747334,0.16832637646847903,0.0,-1.5970679046044594,1.0163665824500412,3.828748543116387,0.021608122540286046,0.08987815845095033,0.0,453.97532834625855,452.7775782323475,453.66048376717515,454.3977160553458
1.9600000000000013,-0.990881519066122,0.6452080063972419,14.05750808685237,0.10013123591494999,0.1715135373499832,0.0,-1.6337850058154644,1.0374045444211897,3.8453053334288185,0.025054866143577145,0.08242269679526493,0.0,442.18208463857064,440.34237062821325,439.93568728982694,440.7911126178544
1.9800000000000013,-1.023938843295824,0.6661721286699256,14.134621368188432,0.10092304720198442,0.17316235654319811,0.0,-1.6719474171547273,1.0590076828471902,3.8660228001773986,0.02164479890574673,0.08254356983764202,0.0,444.51468681337604,444.54992066265856,446.16507915809217,445.3290897987829
2.0000000000000013,-1.0578523245380385,0.687621183739539,14.21265490745662,0.10141930275631506,0.17644830991598504,0.0,-1.7194007070667128,1.0858978241141404,3.9373311266415505,0.020052824330371713,0.07445634045785118,0.0,492.02247021343635,490.2276991354246,491.6418097749252,491.2877609167371
2.0200000000000014,-1.0926207567482107,0.7095505463010483,14.291537524955864,0.10192365202120612,0.17815354287967633,0.0,-1.757442513950516,1.1070384320367956,3.950930623282645,0.022085485426409382,0.07151623056511418,0.0,440.157489178427,439.43125893517634,438.7843712027755,439.29034378344494
2.0400000000000014,-1.128167543115052,0.731911329921819,14.37076692857372,0.10238837165742609,0.1813904267607498,0.0,-1.7972361227336064,1.1290399300402731,3.9720097385030937,0.02112611213739031,0.06301550290268061,0.0,447.57481140172354,445.49815415464303,447.28431616960296,447.0498541183387
2.0600000000000014,-1.164555607067548,0.7547341628387083,14.450623404120398,0.10697242695514397,0.1830056984494286,0.0,-1.8415702725160026,1.1532433616486695,4.013637816164693,0.008224123058228878,0.0667835879899643,0.0,465.96532744550365,466.85094295312786,467.8468415905041,464.8231299696685
2.0800000000000014,-1.2017778704071922,0.7780192212950033,14.531006448716745,0.10788375915772264,0.18435845470505985,0.0,-1.8806560614484058,1.1752624839808319,4.02466664347006,0.013689833410648975,0.06595692008005027,0.0,436.9235771413992,436.7201583703677,438.9173325516332,440.27608719740414
2.1000000000000014,-1.2397991581641772,0.8017545793575876,14.611685029912818,0.1094559257811536,0.18587164499311903,0.0,-1.9214727142500854,1.1982733222775939,4.043191476137193,0.02089641361270767,0.0687429702336403,0.0,445.32655444939826,446.0129873736979,444.8161102946095,446.5831401625583
2.1200000000000014,-1.278648986234505,0.8259583868759883,14.692778820162111,0.11036994099366293,0.18728465258604743,0.0,-1.9635100927826912,1.2221074295624776,4.066187548791995,0.016441811766278885,0.06997825462608903,0.0,450.923780621933,451.2265731449249,450.0256491463536,448.9425054920853
2.1400000000000015,-1.3183440847359567,0.8506413319641343,14.774337468567095,0.11266227856445976,0.18941307281576325,0.0,-2.005999757362469,1.2461870792521164,4.08967729170644,0.007579529136005661,0.06457879118165602,0.0,451.3424820547636,450.0367786724663,452.6025211829174,450.45734247290073
2.1600000000000015,-1.3589043288732112,0.8758167981853635,14.856418162094258,0.11308843287624892,0.19070766832265562,0.0,-2.0500246563629867,1.271359542870815,4.118392061009686,0.004265536202584524,0.06423124646459005,0.0,456.5313508105947,456.4510827224217,456.8335489033209,456.03991577516564
2.1800000000000015,-1.4002770420711235,0.9014547876092494,14.938705511532,0.11321138246314799,0.19207388160842243,0.0,-2.0872466634282265,1.2924393995177739,4.110342882764519,0.0054925465994034445,0.06242472099867641,0.0,421.06990918539424,420.6040150755356,421.3266880032626,421.6447813741692
2.2000000000000015,-1.4424506983151113,0.9275455088901366,15.021105031383737,0.11332587591300225,0.19716102728996976,0.0,-2.1301189609705697,1.3166327285709551,4.1296091024093275,0.0059234766571050175,0.07481609099811427,0.0,446.62401655614525,449.6488161798018,447.90787673364116,448.01291809174546
2.2200000000000015,-1.4854944514658257,0.9541207609816341,15.103894930547495,0.11478806594369484,0.19938045796312664,0.0,-2.1742563541008653,1.3408924805787887,4.149380813966641,0.01325483532395583,0.08019422767616326,0.0,448.0556623608589,449.36993391804685,448.4830309003236,450.26598856893503
2.2400000000000015,-1.529431766435107,0.9811873426252122,15.187106769153061,0.1166826381847903,0.201246172747239,0.0,-2.219475142827242,1.365765683779025,4.171803046589925,0.02132818787321617,0.07695799387379731,0.0,452.86260963583936,452.08596558504183,450.5031765051112,452.4574177524236
2.2600000000000016,-1.5742874284429595,1.0087607468803734,15.27081202064709,0.1187585773429305,0.20434495402285346,0.0,-2.266091057958022,1.3915747417370905,4.198722102812873,0.029450688475064844,0.06905958543123471,0.0,457.27804382656535,455.3908936879245,455.9955734616341,457.93820840782035
2.2800000000000016,-1.6200694983039994,1.0368471551964527,15.354990573233204,0.1193482988350576,0.2082955996151563,0.0,-2.312115928145964,1.4170660898708451,4.219133155798375,0.029618940978906248,0.07919754160332003,0.0,450.18266237653734,452.64073154809506,450.7328934869773,450.77393731816784
2.3000000000000016,-1.6667851975631682,1.065446681783941,15.439595365826754,0.1223382227916252,0.21044281251361419,0.0,-2.3594539977709137,1.4428865688779868,4.241346103556624,0.039411887699867226,0.08394417016005855,0.0,453.03328666943236,454.1818314928842,451.8171727166363,454.1801267448113
2.3200000000000016,-1.714511225671612,1.0946023417685622,15.524914278779582,0.1237614417346613,0.21355018222031674,0.0,-2.413148813073461,1.4726794295841406,4.290545191726083,0.04445165431763372,0.07638510592299401,0.0,479.2756979057637,477.5540770314992,478.261334430377,479.4122884004104
2.3400000000000016,-1.7632545607449992,1.12432022367784,15.610919449185674,0.12556886700999037,0.21532648006671984,0.0,-2.46118469426527,1.4991087613436238,4.30997184888308,0.03839065707633289,0.07323172216618237,0.0,452.83209505332957,452.07486367322474,452.1956542292446,450.72944691177105
2.3600000000000017,-1.8129125930961079,1.1545415378748656,15.697083597301074,0.1312562281748173,0.21679814754354343,0.0,-2.5046185408456005,1.5230226583589208,4.306442962656796,0.024362759125035424,0.07376211950778631,0.0,429.64483291275775,429.7841031033264,432.2352199623034,428.6741923546329
2.3800000000000017,-1.86342594436874,1.1852421007945655,15.783100074635394,0.13214372763026372,0.21829746793317462,0.0,-2.5467165864176025,1.5470336336110846,4.295204770775167,0.02036153794671535,0.07474350627101048,0.0,422.44682011753605,422.70519593710964,423.31245616509307,422.27821497470836
2.4000000000000017,-1.9149107028732926,1.2164991936942535,15.86945473520455,0.1370321365913565,0.22018379160421286,0.0,-2.6017592640376512,1.578675656357717,4.340261286140347,0.006973217361730172,0.07870054327168527,0.0,475.75089428058294,476.66302618865495,478.5646243318418,475.49717328201353
2.4200000000000017,-1.9674429510974956,1.2483650905009354,15.956449359602237,0.13822589687816933,0.22214421177501364,0.0,-2.651465558382649,1.6079140243104657,4.359201153628272,0.013467202084774298,0.07476908397332135,0.0,453.5948867261489,452.6514236058143,452.6650383116425,454.23017588737935
2.4400000000000017,-2.021092424113792,1.2808902053202673,16.044340496498208,0.13941487028936717,0.2241982178251778,0.0,-2.7134817432469864,1.644597457622732,4.429912535968924,0.019532280384358017,0.07949613113068277,0.0,500.5948335003737,501.6294790147493,499.1606905979231,500.48674529853383
2.4600000000000017,-2.075822936266119,1.314051055500952,16.132926278304126,0.13997570296670503,0.22750397177601656,0.0,-2.7595694719856856,1.6714875604457309,4.428665644622839,0.016923165058039754,0.07121161224730645,0.0,436.02729548433706,433.95091033044747,435.69270202064064,435.0376610307508
2.4800000000000018,-2.1315240724355817,1.3477756487006998,16.221664926771087,0.14055542372374674,0.2292794962377247,0.0,-2.8105441449605877,1.7009717595290499,4.445199202073117,0.02002965797373236,0.07496017045953571,0.0,451.34534070555503,452.25596230999747,453.39956770799046,454.1477075363537
2.5000000000000018,-2.1881254627538227,1.382016610690296,16.3102088207944,0.1409561704554294,0.23123762740379483,0.0,-2.8495948868635335,1.7231244394305862,4.409190200258345,0.02010803455388035,0.0706756506176903,0.0,400.882879004635,399.71808754859194,399.8880864393501,399.9095280013193
2.520000000000002,-2.245595861769884,1.416751204443735,16.398386094872016,0.14142197634189024,0.2344179751493236,0.0,-2.8974450147425874,1.7503349359132863,4.408537207503524,0.021703593332281623,0.062268903962355134,0.0,437.395972861056,435.2941431379866,436.42720693206275,436.826590464392
2.540000000000002,-2.3039992585133477,1.4520123085280587,16.486421213255007,0.14344084411258695,0.23594559526554715,0.0,-2.9428946596037804,1.7757754725190904,4.394974630795745,0.013741694302399082,0.06562891608719316,0.0,423.6087398603962,424.47779074265435,424.7678131968031,422.7141767813393
2.560000000000002,-2.3634400618214646,1.487859938968433,16.57469836923158,0.14378891077497347,0.2379237767689757,0.0,-3.0011856712078986,1.8089875715183394,4.432740966861608,0.015453217324024467,0.07078877337857115,0.0,474.083843798908,475.2747801477272,472.1594720044846,472.5553591918382
2.580000000000002,-2.4240083515648307,1.5243464256699633,16.663551638126272,0.14687971900403696,0.2393576856275521,0.0,-3.0556433031286816,1.8396610986346902,4.452585922607609,0.004904769319540151,0.07164043976877742,0.0,456.8652162484973,457.07260007181225,459.34993949777777,456.8330765286469
2.600000000000002,-2.485633921429092,1.5614314207108229,16.752655523756946,0.1471965824595287,0.2414824879144586,0.0,-3.1069136832974444,1.8688384054512621,4.457802640460105,0.0019466072610922827,0.06637928593513463,0.0,444.34598483034864,443.05395160222287,444.79946346389545,444.0718911667554
2.620000000000002,-2.548139467494906,1.5990106039566432,16.84125860363797,0.1487464233951723,0.24281487044899475,0.0,-3.1436409232839093,1.8890799191307512,4.402505347642392,-0.00582747478226728,0.06681731862037302,0.0,380.8159876023986,380.9457742880946,382.11343290367535,379.8830974385348
2.640000000000002,-2.6114161913381744,1.637016854124407,16.92889077562164,0.1486582323479686,0.24420560977346284,0.0,-3.1840314610429403,1.911545097645632,4.360711850724165,-0.0047624217612097135,0.06534228706735035,0.0,395.23539901968144,394.83121246691803,396.225161568522,396.5189512056637
2.660000000000002,-2.6756455458951898,1.6755562195479539,17.01624979109048,0.1501654676158548,0.2455224677702903,0.0,-3.2389039946585885,1.942391444709068,4.375189696159955,0.0032437850887546043,0.06470944410165189,0.0,452.90257447513204,452.75289251997003,452.20850723363174,454.13953173417116
2.680000000000002,-2.741049959438051,1.7147595423054607,17.10418936220164,0.15023575359245367,0.2468167652958373,0.0,-3.3015373596275404,1.9779408310416082,4.418767414955916,0.0037089850381925586,0.06464352187047157,0.0,481.2651371278622,481.25289029618006,479.6742524840604,479.78017225595227
2.700000000000002,-2.807624869458287,1.754622426931557,17.192661807988326,0.15320645937494604,0.2481097499829401,0.0,-3.3559536423959986,2.0083476315680135,4.42847716371267,-0.007054891738747349,0.06471112355500505,0.0,449.15036675904577,449.1698359333308,451.3308952890023,448.71659485160166
2.720000000000002,-2.8752741202793124,1.795088756783561,17.281258683918878,0.15307431924257298,0.2503340610205216,0.0,-3.4089714397065656,2.0382853536323995,4.431210429342513,-0.0064563033191645195,0.058611652868196314,0.0,444.23346788714116,442.73331338115185,443.0587215897247,443.20647350539474
2.740000000000002,-2.9440529423891504,1.8361912101518498,17.37015651237882,0.15295553036477116,0.2515363597629152,0.0,-3.4689107712772334,2.071959983196491,4.458572416651837,-0.007099333289910154,0.05751500916981939,0.0,467.32313681990405,467.06879652328536,467.21339035384875,467.0630480864943
2.760000000000002,-3.0139495951275417,1.8779162938226157,17.459275784992673,0.1549809590827076,0.25369578614054067,0.0,-3.5207545025619083,2.1005483838800907,4.4533548447333855,-0.01641043501577373,0.06386835850455409,0.0,435.5418115528279,437.1356230686134,437.5939928787164,435.26222191161696
2.780000000000002,-3.0849588127859278,1.9202587172565473,17.548558624189322,0.1573410646012663,0.2567275447893991,0.0,-3.5801672632767114,2.1336939595130717,4.47492907493148,-0.006040643853220919,0.05549126717458254,0.0,462.7334776179887,460.753378854584,462.3851325822335,464.8299521888122
2.800000000000002,-3.157118864757044,1.9632419455580916,17.638101891238076,0.15734086018428783,0.2578373784022405,0.0,-3.635837933834936,2.1646288706413506,4.479397629943729,-0.0038442061911333927,0.055509454367225354,0.0,447.58969886744427,447.5961923604394,446.25785807117467,446.7955951685541
2.820000000000002,-3.230531860971125,2.006924394502459,17.728244511221593,0.15743941724407673,0.26059685161252766,0.0,-3.705461687573225,2.2036160237953624,4.534864368407941,-0.0011951219447424773,0.0636317302131762,0.0,492.7500271730863,494.5500628454917,495.16744324227864,495.7518903663609
2.840000000000002,-3.305206272772892,2.051304501993706,17.818980253109157,0.1580000843078313,0.2620805737575349,0.0,-3.7619794926034773,2.2343947253293726,4.538709820348607,0.003640452489178228,0.06653750061528405,0.0,447.5572815315003,448.26926116157847,447.0934657500816,448.27407335580887
2.860000000000002,-3.3809541666416054,2.096265130408546,17.909567979286344,0.1581549148117638,0.2634731413250462,0.0,-3.8128098942678648,2.2616681161545964,4.520062797369943,0.005451766422749977,0.06810998343179793,0.0,426.3542960357444,426.7607304022206,424.699747753807,425.1655876797698
2.880000000000002,-3.4578108484147485,2.141822773582691,18.000106713885074,0.15829507241821972,0.26714361567796896,0.0,-3.872858283046464,2.294096201259915,4.533810662503315,0.0043360195338763285,0.0585010819664129,0.0,459.66511357626365,457.3779482571671,457.3282437530327,457.06141209246715
2.900000000000002,-3.5357688636025095,2.1879662263028528,18.09052796977148,0.15894605949806095,0.2683930023588692,0.0,-3.9229432357296234,2.3202490707562755,4.5083149261372535,-0.00041484013217711786,0.056719340777890245,0.0,419.5339046915299,419.07205047564617,420.2710248201727,419.03353232488996
2.920000000000002,-3.6148741529749757,2.234715292850618,18.180949603226995,0.1589543035448564,0.27041087480646553,0.0,-3.9875857015169967,2.3546575840202437,4.533848419414177,-0.001228248994665503,0.050774643537362565,0.0,471.1587581559667,469.7797037458309,469.0103713272723,468.82078534569723
2.940000000000002,-3.695180447356842,2.2820963135679473,18.271533820172692,0.15898312492513256,0.2726183141069036,0.0,-4.043043736669595,2.3834444877126764,4.524573275155362,0.0002330704114845909,0.04386972810068869,0.0,437.465057726291,435.7381244016484,436.80873956797194,437.17427620214266
2.960000000000002,-3.7766288866401276,2.3300682460025675,18.362029572388014,0.16050780433007894,0.27425524451998307,0.0,-4.101800191658972,2.4137487557493325,4.525001946376988,-0.007564411224829233,0.04938166369924539,0.0,446.0448986100315,447.39459867997874,447.6660956397712,445.75821492454315
2.980000000000002,-3.859400135342564,2.378730194058333,18.453035411227592,0.16038754393123344,0.2755750717462604,0.0,-4.175324678584683,2.4524460498272234,4.575581937580805,-0.0064503587009146395,0.05302690142697999,0.0,493.6267984729382,494.4345025851803,493.49832650959667,493.7451192638782
3.000000000000002,-3.943456175214525,2.4280577661392693,18.54438805707842,0.16026005669502208,0.27682372396761146,0.0,-4.230279308611408,2.4803111582664035,4.559682647502247,-0.006696930216448685,0.050283806876574966,0.0,433.4094466947339,432.7190269061317,430.62656691025927,430.56408080173475
3.0200000000000022,-4.02869865165409,2.477988920219617,18.635713430545568,0.1616006664069234,0.2779369621586891,0.0,-4.293968335345177,2.5128042497683474,4.572854699212368,-0.014376899789903735,0.048209564330042205,0.0,460.975115697634,460.48453286850594,461.2562084988367,459.4328498319731
3.0400000000000023,-4.115163874374257,2.5285414448976047,18.72711209083919,0.16135936727741473,0.27890337836922896,0.0,-4.352553936671529,2.542448218030443,4.567011330149968,-0.015736883117588647,0.047911240751407985,0.0,443.57793566328485,443.50584333885246,441.92060931650997,441.58421882700253
3.0600000000000023,-4.202934859639849,2.579759216973044,18.818844464616024,0.16133705141404953,0.2800564259071656,0.0,-4.424544589887675,2.5793289895134968,4.606226047533771,-0.01915695211681447,0.04511966253893885,0.0,485.49729727149924,484.869613452349,486.1304115774673,485.36097506650987
3.0800000000000023,-4.292160780053248,2.631720101083557,18.911398270502485,0.16095903905909825,0.28119500886313364,0.0,-4.498047451452218,2.6167594215378047,4.649154541112077,-0.019609795903783575,0.04819335546562418,0.0,489.0538092249546,489.741237247055,489.77418325491266,489.67319911706784
3.1000000000000023,-4.382819473429621,2.6844050581336156,19.00466851006333,0.16072660737186073,0.28216236147605667,0.0,-4.567821886185145,2.6517362834680567,4.677869414972498,-0.017081838381684027,0.04781996539556088,0.0,478.1787975742674,478.09467999944667,476.4929347291243,477.07252386303065
3.1200000000000023,-4.474779964757979,2.737734678985209,19.09818113301317,0.16127029320444475,0.28410559411706693,0.0,-4.628227246650647,2.6812258016912534,4.673392880011983,-0.011130964159461507,0.0415371846955867,0.0,447.02603095223543,445.4885428220813,446.2356910878402,447.69103917476616
3.1400000000000023,-4.568078509938555,2.791723165910606,19.192025120469125,0.16228087630664412,0.2875271508730757,0.0,-4.7016272714069665,2.717622890848406,4.711005865583589,-0.004107567871656413,0.05171719071149234,0.0,485.3504691844067,487.63835089905126,485.9522240589007,487.5294974742722
3.1600000000000024,-4.662791357249968,2.846406797163355,19.286408874232148,0.1624021145413126,0.29410566231247337,0.0,-4.76965745973429,2.7507402344265013,4.727369510718549,-0.0012552734120900334,0.066609024211996,0.0,467.0616467749434,470.53529783965934,467.101961374646,467.7690022944607
3.1800000000000024,-4.7588804898657395,2.9017523441583126,19.381118828569747,0.16255446178221966,0.29546988797579576,0.0,-4.8392558018429455,2.7838144650692653,4.743625923041449,0.001408954124357527,0.06547685498290788,0.0,469.27150270188486,469.0107728267955,468.75791695627436,469.37876347603225
3.2000000000000024,-4.856312973315073,2.9577308215830627,19.4759809742414,0.16418695558434226,0.29940499325311176,0.0,-4.903992543090416,2.814033277405769,4.742588644123647,-0.006601825412331034,0.05522879530771455,0.0,453.94775578667895,451.47651204354423,454.67172207330947,452.7417851438745
3.2200000000000024,-4.954949467522971,3.0142633601970186,19.570501328831924,0.16706033785907604,0.30062510638411943,0.0,-4.959656877699427,2.8392205839898215,4.70944681492857,0.004362514573241671,0.05737856017721064,0.0,422.0048717718554,422.563560700994,419.4914353276876,422.3388804814938
3.2400000000000024,-5.054772807594045,3.0713414701002613,19.664580059314385,0.16715808425565548,0.30188082425808727,0.0,-5.022677129408022,2.8685904063344654,4.698426233317427,0.005010468433165053,0.055298688350162266,0.0,444.7657919054656,444.25661553177076,444.07480037075476,444.2341789041651
3.2600000000000025,-5.155909301056298,3.1290325218768467,19.758592004797894,0.16785477332390997,0.30334535074005764,0.0,-5.090972216817387,2.900514771324057,4.702768315033416,0.00012588165600038986,0.05908578599858264,0.0,458.8655710964482,459.76873712127264,460.58926798265946,459.42853779529815
3.2800000000000025,-5.2584462075375455,3.187378752446921,19.852783849134678,0.1679474356220858,0.30460205373090066,0.0,-5.16271843130734,2.9341082856833776,4.716416118644875,0.0020247725433925317,0.06081768981660206,0.0,469.49229894054446,469.8975694294768,468.2314854899647,468.67454758719435
3.3000000000000025,-5.36221976222323,3.2462885701542867,19.946612219141528,0.16895715551791834,0.30587376782990283,0.0,-5.214637037261082,2.9568734850532215,4.666420882040058,-0.004201701402476207,0.05932959972967089,0.0,406.156764250628,405.7590868576556,405.59417139203725,403.91256302954304
3.3200000000000025,-5.467040588914524,3.305657379564163,20.039456328389235,0.16985986924435803,0.30715582981100376,0.0,-5.267445631868322,2.9800074559344,4.617990042730528,-0.010484209673826034,0.0573754248500069,0.0,406.42309574278823,405.9000007535645,408.52999375449855,406.84559293163545
3.3400000000000025,-5.573119318923297,3.3655951182338635,20.131946335108147,0.17231913191588077,0.3084930385215552,0.0,-5.340427369008929,3.013766411035661,4.631010629160792,-0.0208165799052872,0.05462079083764926,0.0,469.5348889660025,468.89527310063437,469.89425850588833,467.4847717876222
3.3600000000000025,-5.680624020461818,3.426192056092731,20.224576660035826,0.17700045151683685,0.31005085807121,0.0,-5.410042784843193,3.0459273748510975,4.632021863607095,-0.03509614740442668,0.0503061472467996,0.0,458.05250367159397,457.02364270200275,460.6578430386403,457.2570702401591
3.3800000000000026,-5.789509171551584,3.4874319255937234,20.31717333760089,0.17630016492826162,0.31225740489273424,0.0,-5.478472324133427,3.078059575248141,4.627645892899702,-0.035351987941729446,0.05723557399534956,0.0,452.8307457503203,454.50184709915743,453.96700007797034,453.9048953869115
3.4000000000000026,-5.8998103811936105,3.5493346400298718,20.409807719538456,0.17785924951548004,0.31654969872893357,0.0,-5.551648640069217,3.1122118683667077,4.635792300856807,-0.025831222539612946,0.046014910278274375,0.0,469.80526337460213,467.18945821441633,463.1218846428561,465.36303934831994
3.4200000000000026,-6.011498389364312,3.6118756305334228,20.502340470090328,0.1789174853210893,0.3175169561290856,0.0,-5.617152177000932,3.1418871819883987,4.617482754330556,-0.033768124344226054,0.047385445860980306,0.0,442.00303406333376,442.34309154730886,441.7865443675554,439.8182696295829
3.4400000000000026,-6.124503752707598,3.675013229312363,20.59451654781141,0.17831304431309647,0.3185236591454741,0.0,-5.68338415732768,3.1718726959056354,4.600125017777508,-0.032083826521487106,0.04584929353560552,0.0,442.2486520383236,441.87017425371863,443.26158653649867,443.67627465974556
3.4600000000000026,-6.238884063572062,3.7387735316942172,20.68648337423401,0.17942895013524218,0.3198433285701485,0.0,-5.754646929118659,3.20415754227976,4.596557624482494,-0.0236991205574709,0.041835898195187335,0.0,457.6817109004339,456.72337272062407,455.0981715735368,457.1072363511434
3.4800000000000026,-6.354576810454373,3.8031176598138954,20.77802865439536,0.1793391685329233,0.3207543322698694,0.0,-5.814627759112398,3.23025526968805,4.557970391652219,-0.027619328760260926,0.043559681659745296,0.0,421.9815577599339,422.42888846122617,421.73909154341686,420.72169642936484
3.5000000000000027,-6.471466553545549,3.867979409377094,20.868783008468196,0.18289665833941093,0.32220146644739955,0.0,-5.874346550005241,3.2559196866318154,4.517465015631482,-0.04044099227431787,0.0387599293980752,0.0,419.74763480824004,418.49700825919683,421.8976402990036,418.5622358076214
3.5200000000000027,-6.589708812255985,3.933443299542501,20.95917848604045,0.18224257374223995,0.32402562966928805,0.0,-5.949879321038276,3.290469329908894,4.5220827415942155,-0.04292884474836093,0.04523747409935605,0.0,464.18631377252325,465.7097942447607,466.1013458495299,465.51679190391917
3.5400000000000027,-6.7092780257775795,3.9994935512837464,21.049110252388026,0.18141405239679376,0.324984741526789,0.0,-6.007042031121173,3.3145558442156706,4.47109389316341,-0.04402530358518671,0.046712091005730365,0.0,409.38906435945773,409.78398844531694,409.1774793432449,408.8832662216003
3.5600000000000027,-6.830187611282279,4.066126924415653,21.13858625501143,0.18225452451026847,0.32592752612332543,0.0,-6.083916519348778,3.3487814689750626,4.4765063691766205,-0.03572836876519854,0.04729665157305,0.0,467.25883100773024,467.3967365158051,464.87593373653345,466.82170439031506
3.5800000000000027,-6.952519580236388,4.133381679834356,21.227821976651757,0.1822419959587922,0.32906542282505313,0.0,-6.149280376062145,3.376694072895151,4.447065794856086,-0.030429165716333924,0.03793296924126082,0.0,432.70636042736294,430.3358503842978,433.08477329805027,434.41961754566427
3.6000000000000028,-7.076170721636398,4.201196039262736,21.316480418587062,0.18311302826918574,0.33175489858210483,0.0,-6.2158337639388455,3.40474186994283,4.418778398674535,-0.022736011292510655,0.0467211803726044,0.0,433.13287288705806,435.34581222472974,433.245815084433,435.18216322117996
3.6200000000000028,-7.201255251327346,4.269622421682598,21.40484428030358,0.1884707833321171,0.3326970537032121,0.0,-6.292619205155978,3.437896372043417,4.417607772977227,-0.007488093023079593,0.0472772923633208,0.0,461.7644458895607,461.89727449564856,459.82132788797094,463.43179030463864
3.640000000000003,-7.327903431479498,4.338734870637217,21.493249382456707,0.1891764124113413,0.33485656964690325,0.0,-6.372198810059304,3.473348523418421,4.422902442335417,-0.0016386795834755063,0.040308877632768,0.0,469.0747070251845,467.4492965440058,468.69357217920805,470.05587239445407
3.660000000000003,-7.456085539702247,4.408521966420246,21.581576778171844,0.18923633758903335,0.3356673185282677,0.0,-6.446012012215549,3.5053610548845757,4.409837129178237,0.0002869244190289294,0.040736490949167606,0.0,452.36094717079567,452.4650681347233,450.8707399401185,451.3373723161683
3.680000000000003,-7.585848485557832,4.479002606169246,21.669924706288423,0.1931558108689968,0.3365073575724171,0.0,-6.530282573342962,3.5427029200154054,4.424955682479777,-0.01222504551632996,0.041742656445815284,0.0,479.0107890983808,479.24106323542054,480.8991117283145,478.046757791911
3.700000000000003,-7.7172476815733555,4.5502084531853395,21.758422350282068,0.19303092689674006,0.33768367933050225,0.0,-6.609637028209459,3.577881781593968,4.424808716884463,-0.014412436090227862,0.038046882485365065,0.0,466.46101144728107,465.59501057679864,465.84311298400513,465.3297035637859
3.720000000000003,-7.850113374095888,4.62204793689179,21.84656490409044,0.19446593965603576,0.3396199882479616,0.0,-6.676932224043736,3.606066589051159,4.389446663952605,-0.0061099991441249425,0.03119014487115862,0.0,431.97364071448635,430.23578840166897,430.1665512286368,432.27126500933224
3.740000000000003,-7.984391241474468,4.69448564013763,21.934166780786885,0.1958034100680015,0.3414319376520982,0.0,-6.750854513814311,3.6377037355328268,4.3707410056919,0.0015311274608951018,0.03808404509298864,0.0,447.61478716067774,449.2954728569037,447.6626195088289,449.5246402253338
3.760000000000003,-8.12007886097188,4.767516671087747,22.021186933747693,0.1960914419531905,0.34329102943240475,0.0,-6.817907435926762,3.665399359478813,4.331274290388698,-0.0016776687992075853,0.0314586066065282,0.0,428.06810260979523,426.3736324376659,428.7328302786854,427.91388611287766
3.780000000000003,-8.257398562044187,4.841256531313512,22.108199495682122,0.197592263031396,0.34396275575004953,0.0,-6.91406267130402,3.708586663097686,4.36998190305422,-0.009511887213803472,0.030153935222394103,0.0,503.64971315835476,503.3667096323739,504.5050883662492,502.8049329053384
3.800000000000003,-8.396322508097255,4.9156855163269535,22.195099200685764,0.1974023028256635,0.344597679486653,0.0,-6.97833193400267,3.7343118382464793,4.319988597310214,-0.009617251067920584,0.03128256327725621,0.0,418.3328628289258,418.6280291681391,417.70154875966017,417.6740914276181
3.820000000000003,-8.536517062782867,4.990617365559931,22.280946904286186,0.19820895661370752,0.3453259381506877,0.0,-7.041123534558538,3.75887308505134,4.264781762732054,-0.015938639552747085,0.02925665707519091,0.0,413.45907027648116,412.9235161971076,412.28257525547934,410.6031924369685
3.840000000000003,-8.678191384507386,5.06616091700591,22.366288464804718,0.19905857991062081,0.34596765806652563,0.0,-7.126308637893347,3.7954820595465772,4.269374289121008,-0.00910227768997873,0.03076114069868926,0.0,472.5491066422343,472.8971825811029,472.7434933009756,474.32166382479915
3.860000000000003,-8.82146245503031,5.142376217791238,22.451417561740847,0.19975208922952614,0.34700693224877455,0.0,-7.200798414399195,3.8260480189862154,4.243535404491972,-0.01502023298790016,0.02664263918345244,0.0,443.7750364006501,442.7597254888082,445.31911972361536,443.8642130508497
3.880000000000003,-8.96618940920053,5.219181638035811,22.535923275044908,0.199663511977219,0.3477427384163594,0.0,-7.271897002622569,3.8544940054709933,4.207035925914322,-0.012109374644038495,0.02379340501325482,0.0,434.48599230572523,433.7687373834664,432.18245791620706,432.9181731637452
3.900000000000003,-9.11232486906561,5.296544854982811,22.61964948072955,0.20072223988579552,0.3482441838564734,0.0,-7.3416489838855465,3.8818276892289587,4.1655846425495815,-0.004895733673052033,0.024804885904794075,0.0,428.30072482357195,428.5588865497805,427.2301990353304,429.0720503351062
3.920000000000003,-9.259796869147683,5.374420974863166,22.702376330952305,0.20149575319235602,0.3490002155226888,0.0,-7.405551024321706,3.9057842988066076,4.107100379726014,-0.010799725475287129,0.02802937934171793,0.0,410.4463256606537,411.3043595802412,410.0346281668487,408.45768356880126
3.940000000000003,-9.408860834717713,5.452946437063046,22.784765592283932,0.20235199350208788,0.3525725903724828,0.0,-7.500845532681316,3.9467619211814124,4.131825753436867,-0.0042507261036642315,0.039005329893646065,0.0,492.03802582064367,494.4704193673131,492.41263484639876,493.86437390520365
3.960000000000003,-9.55978396669056,5.532260467832687,22.86749297072678,0.2023280928120279,0.35336432451138844,0.0,-7.59146766460351,3.9846411557827177,4.140912090847676,-0.005814232829111568,0.03968731350145421,0.0,479.88388306392517,480.0398291424969,480.3554084456473,479.99957470335244
3.980000000000003,-9.712413369425027,5.612270109680925,22.950105057540064,0.2022178580243743,0.35475607419236876,0.0,-7.671472608843221,4.016323029041089,4.120296590481122,-0.005322303202888105,0.044578135154104984,0.0,451.74722404738765,452.92988722963736,451.6606764141872,451.77981689325264
4.000000000000003,-9.866406178516863,5.692780325058644,23.031661732156667,0.20220259755082992,0.35567642044331116,0.0,-7.72780830034049,4.0346985087308065,4.035370871179385,-0.00723212613199495,0.043505129136221996,0.0,382.7883477081025,382.4832724875764,383.21258002683965,382.6674624673658
4.020000000000002,-10.02171245740628,5.773755234729535,23.111998963299555,0.20225804524618862,0.35657345241489313,0.0,-7.802819588601286,4.062792458358301,3.998352243109188,-0.010061191122399593,0.04246725845338324,0.0,435.65664155070925,435.39724559346524,435.43756828453985,434.7268911917361
4.040000000000002,-10.178606405412447,5.855335213298474,23.191810909682395,0.2051025884531592,0.35746638044860823,0.0,-7.886575212015314,4.095205398535561,3.9828423951747176,0.0009765025305673771,0.041146912064775,0.0,458.25586848800475,457.9417357439061,455.2898076746081,457.9322880857848
4.060000000000001,-10.337309483723828,5.937637870404883,23.2716477872167,0.20704282199370994,0.3584412267592647,0.0,-7.983732619122788,4.135060312105295,4.000845358255842,0.00974166879240076,0.04361193189724132,0.0,490.087634569354,490.63782885532544,488.93547072562257,490.8910809852205
4.080000000000001,-10.497702709000688,6.020598638657794,23.35116616208274,0.20723782351695252,0.3613479659249963,0.0,-8.055589908563105,4.161016513185748,3.950992128348224,0.009659657233636156,0.03459084431804754,0.0,425.9432071500133,423.62286669411645,423.07500081074136,423.05369083828197
4.1000000000000005,-10.659555004114358,6.104085106809157,23.429722268421397,0.20815339195661142,0.36333477955811233,0.0,-8.129639602803788,4.187630301950568,3.904618505517548,0.015035065292513455,0.04178805696394149,0.0,426.41637815765637,428.2579967565783,427.95258072641775,429.3233286241328
4.12,-10.823034395810886,6.188179684716241,23.507707671889364,0.20846430507550728,0.3641923278163768,0.0,-8.218299566849048,4.221827488757827,3.893921841279056,0.01567418384320402,0.040854523483331885,0.0,465.17816279430457,464.9595953665516,464.20480832816213,464.35516653966795
4.14,-10.988282589475736,6.272951942382401,23.58545162267453,0.20892178540546524,0.3691311303492739,0.0,-8.306519799635899,4.255398277858286,3.880473237237309,0.018074155952154128,0.05369463573086385,0.0,461.28013441439685,464.313697080142,462.15766014070647,462.72484773293263
4.159999999999999,-11.155247745950373,6.3583627164607845,23.66277218941954,0.21148332896948663,0.37251989868519164,0.0,-8.389995847827773,4.285679129980062,3.85158343726374,0.008693195564264773,0.04407200486129237,0.0,449.486495211818,447.14209184490693,449.6828273077257,447.3965566843604
4.179999999999999,-11.323847688789305,6.444358521905296,23.739401761179778,0.21173872640032165,0.37546507293846254,0.0,-8.469998436065438,4.313901414471061,3.8113737387599054,0.006887277298674173,0.03498633668323195,0.0,438.4387576772531,436.1687256498132,438.4142902671379,437.963653809827
4.199999999999998,-11.493954856280975,6.530863603467335,23.81497364147267,0.2120558249139961,0.3761953151028665,0.0,-8.540718313101708,4.336606741732757,3.7458142905292124,0.009565731835907197,0.03609115215632426,0.0,410.33782268891173,410.632681064811,411.2402454183035,411.9515201152848
4.219999999999998,-11.665496696492843,6.617829716053451,23.889269573559726,0.21370937188843353,0.3775934625314781,0.0,-8.613465708085092,4.360004516878859,3.6837789181764,0.0019179025027724677,0.030889904669480543,0.0,415.5583470357532,414.18853402112364,415.77560803601074,413.7598218964745
4.2399999999999975,-11.838525524962002,6.705278562774943,23.962386473230637,0.21392421857499144,0.3795225654531471,0.0,-8.689417138830756,4.384880155270317,3.6279110489145667,-0.0007390780127967608,0.023647516035115872,0.0,422.59569899424883,420.71847123216224,422.12229512979314,421.4336236144114
4.259999999999997,-12.013271892831717,6.7933255815266165,24.034853133980917,0.21393456839699443,0.38091940451163264,0.0,-8.785219648140988,4.4198217198970475,3.618755026113543,-0.0017417022147568244,0.017568408410528116,0.0,470.42015282031025,469.0054711486133,470.3241498531348,470.09108528853994
4.279999999999997,-12.190073242780937,6.882139661804154,24.1074560336318,0.21404856635475422,0.38412345741308584,0.0,-8.894915346781,4.461586307856718,3.641534938974577,0.0006982322274332873,0.006886302376150075,0.0,502.7227544273418,500.3946437001379,500.01872523970513,500.5518629200531
4.299999999999996,-12.368784491475528,6.971632212954721,24.179797283605545,0.21408851317615785,0.38484691706104357,0.0,-8.976209522678108,4.48766880719995,3.5925900584000314,-0.00032122207472671236,0.011726689139351132,0.0,431.87031316198454,433.0936720826971,431.57729795136476,431.31898478359994
4.319999999999996,-12.549234892612981,7.0617011761626065,24.25141668267391,0.21470491925605106,0.38577578602087925,0.0,-9.068830591067004,4.519227513588668,3.569349848436356,0.004670092467104683,0.006456641029330093,0.0,459.4851107510899,458.2295173509875,457.8558527189856,459.04597742928826
4.339999999999995,-12.731643367821997,7.152452844414776,24.322807583937852,0.2151080150918414,0.3860581498054785,0.0,-9.172016929834529,4.555939311628227,3.5697402779578,0.008189717370122777,0.003980911124736159,0.0,484.08180810680057,483.52233655588714,480.51977911030457,481.31967792301987
4.359999999999995,-12.91614565830824,7.243950779360512,24.394262848922505,0.2153525969776684,0.38614610333082755,0.0,-9.278212118789822,4.593854182945481,3.5757862205076094,0.009987355135913792,0.0045583296160913635,0.0,489.1816257718208,489.3105571970972,487.6678105829057,488.07045453407915
4.379999999999995,-13.102532220253282,7.336077076545997,24.46524808897275,0.21566023195923645,0.38648765970372434,0.0,-9.360444075714353,4.618775535602996,3.5227377845170222,0.007909973333263789,0.0013935877272500466,0.0,430.26633468223343,429.4614425017341,431.14608629509746,430.6189263180579
4.399999999999994,-13.290604577271642,7.428719208126572,24.53525513850237,0.21857345997701394,0.3872442322275438,0.0,-9.446791626121609,4.645437622454539,3.4779671684450713,-0.0025876998396104807,0.00679247935155382,0.0,438.1818713446665,439.52666277081164,440.9193716408102,438.3088886483282
4.419999999999994,-13.480438986255427,7.521913065101104,24.604432923498788,0.21858581032077495,0.38791619266916655,0.0,-9.536649272256955,4.673948074998595,3.439811331196687,-0.004189003565364,0.0021616657962829616,0.0,448.0334302147201,446.9020356577146,445.9770747843193,445.58445625467004
4.439999999999993,-13.672218664776283,7.615750541393306,24.673183665062286,0.21927362286899754,0.38799232238143855,0.0,-9.641318579828665,4.709799554221657,3.43526282515319,0.0013665076425440435,0.0010145581928532239,0.0,480.3808311265901,480.1196901073906,479.88158828133305,481.145474726201
4.459999999999993,-13.865998231718633,7.710251879960771,24.74160393754335,0.22031373612515548,0.3885451011766774,0.0,-9.736638114406198,4.740334302524858,3.406764422953066,0.007731358318897318,-0.0036005805109414484,0.0,458.29984154293345,457.1976937552154,456.912434685221,458.4326255982658
4.479999999999992,-14.06166706294144,7.805351390348378,24.809395229724412,0.22139214659612882,0.38900809958597815,0.0,-9.830245007874463,4.769616736235832,3.372364795153153,0.0016525975748139547,0.0010254762095055115,0.0,451.51675150572316,452.635425268573,453.3677374162205,451.8995576604569
4.499999999999992,-14.259195860949776,7.90102665261423,24.876451513521463,0.22226658325550464,0.38904123343309127,0.0,-9.922634792959173,4.797909490349289,3.3332635845519354,0.007453924002036741,0.0003148617451731526,0.0,447.3101410871511,447.1364224384823,448.2140609049657,449.6266819470753
4.519999999999992,-14.458666314290783,7.997314692137306,24.942932271888623,0.22293648969002344,0.389233805785552,0.0,-10.024410541141501,4.830894461958268,3.3148122521638688,0.0028895929251851627,0.0030445145989798066,0.0,469.2072995669181,469.8427958528403,469.39312496629765,468.32885831477205
4.539999999999991,-14.660145441464156,8.09424394587067,25.00896237599162,0.2232660388747103,0.3892959379728653,0.0,-10.123502176195917,4.8620309113781195,3.288198158135801,0.006186605671188576,0.0032673953144818396,0.0,461.66677529865825,461.7194843674422,461.5307725179932,462.31095088059044
4.559999999999991,-14.863707372278393,8.191845732481744,25.074682648320216,0.2235323243736964,0.38951410154014265,0.0,-10.232690905227686,4.898147749729285,3.2838290747238617,0.003798691220775213,0.005739767948108817,0.0,484.0204950675553,484.5784678627365,484.010829908887,483.4711251676324
4.57999999999999,-15.069379433459744,8.290125080717562,25.14012197604814,0.22403522337838133,0.3899434170057203,0.0,-10.334515212907432,4.92978707385268,3.260103698068411,-0.00033374234926430556,0.009286710894452894,0.0,466.01014320003065,466.8413189023576,466.2999969157138,465.3301587733124
4.59999999999999,-15.277149741896281,8.38906576046815,25.205213702659968,0.2241068841376217,0.39425166085053664,0.0,-10.442515630746222,4.964280901206119,3.2490689631143823,0.0014364057374883403,0.02212806538208733,0.0,477.7008638119455,480.63023600469415,478.9860275714248,479.3898408607183
4.6199999999999894,-15.487121651551043,8.488709243307074,25.270146784766233,0.2242252926243795,0.3947616674450263,0.0,-10.554675334730046,5.000067382686274,3.2442392475119104,-0.00045758868708587483,0.02377056697231662,0.0,485.85773455726377,486.2271084420518,487.5148304506089,487.0899375265174
4.639999999999989,-15.69929906822938,8.589042514808732,25.334874431333702,0.22459288625745533,0.3969280574129499,0.0,-10.663066333103613,5.033259767479447,3.2285254092350764,0.0034243974376571527,0.015546264865809819,0.0,478.73034298274524,476.8487288233339,476.168406889302,477.0587669902672
4.659999999999989,-15.913438947476779,8.689923707773634,25.398783104932047,0.22483365753505957,0.39734256405630664,0.0,-10.750921591636367,5.054859529010809,3.1623419505992665,0.0007992625546375657,0.01758176329165616,0.0,426.9957540426169,427.51647763103426,426.6190146674642,425.94573240554126
4.679999999999988,-16.1293491583289,8.791238290774539,25.46137869715827,0.2250932585419516,0.39788232418366665,0.0,-10.840099493575797,5.076598771079717,3.097217272023036,-0.002322376475098152,0.020324935626944023,0.0,427.02511163421843,427.7267355843582,428.97276717387524,428.1764904759038
4.699999999999988,-16.347045428205774,8.892983218647712,25.52265678865637,0.22546888894635408,0.3982922265517832,0.0,-10.929527494111557,5.097894016237727,3.030591877786842,0.0017865306005356999,0.020693915603531874,0.0,426.6933902587728,426.7879079357669,425.6670152358351,426.7210083044758
4.719999999999987,-16.56663220870142,8.995202597228644,25.58281769072466,0.2260080873649084,0.3997632883508704,0.0,-11.029150555453398,5.124043841855584,2.985498329042199,-0.0027010870593983634,0.01419104397011849,0.0,449.13238341337427,447.54679591509813,450.85198642251197,449.76253502324397
4.739999999999987,-16.788243147571443,9.097955657506384,25.642125288097574,0.22595681746521823,0.40008518042205665,0.0,-11.131943331548847,5.151262185918473,2.9452614082491975,-0.0030328605663318604,0.012957006826693583,0.0,454.9304087652583,454.6336658476362,455.2153978037111,455.1357738921197
4.7599999999999865,-17.011853803811896,9.20121685778218,25.7004771617727,0.2277222195693902,0.40034452782131247,0.0,-11.229122292496339,5.1748578416611375,2.8899259592630604,0.005513622489285582,0.012865954595131523,0.0,439.2624033232852,439.23962498551447,439.358519521236,441.4799324886287
4.779999999999986,-17.237410075116102,9.304947489420062,25.75770542050532,0.22830839942685,0.4011390851190795,0.0,-11.326504837924565,5.1982053221271425,2.8328999139991273,0.00987668291826972,0.008230274684419746,0.0,439.74141565884554,438.5873696592334,437.20385951890177,438.29334493542416
4.799999999999986,-17.46480075564779,9.409078695942666,25.813509696087397,0.22938901974962622,0.40166094311002976,0.0,-11.412563215244178,5.214915330133234,2.7475276442087626,0.015820037743318915,0.004450049837869454,0.0,409.1493681553839,408.1379498101762,406.14963176334936,407.74614407607186
4.819999999999985,-17.693992883108372,9.513581758638308,25.867768010046362,0.23047289131814175,0.40183016532229665,0.0,-11.506649530814002,5.2353909394308875,2.678303751687796,0.021360690461723095,0.0026587238986873116,0.0,425.6748027320784,425.21443207254777,425.24226337010043,426.6641720374465
4.839999999999985,-17.925069248949573,9.618490534412507,25.9206251293802,0.2313616415602322,0.4019427573598424,0.0,-11.600987053305957,5.255486637988828,2.6074081816958294,0.02565737026294685,0.0011170681709454214,0.0,424.17305158096553,423.7754880912628,423.5076296079937,424.6153048259703
4.859999999999984,-18.158195504318986,9.723883661683352,25.97241510066074,0.23241504377964084,0.40252984234792777,0.0,-11.711638483635353,5.28382608909565,2.571588946358316,0.03030604669457611,0.00586993519902915,0.0,460.4533889348045,461.5803498346545,460.29711177611847,461.39988929490687
4.879999999999984,-18.393419942025417,9.829775988694147,26.023201345575487,0.23305016176657478,0.4040968795169846,0.0,-11.81080528700771,5.305406611983796,2.507035545116335,0.02922906845816191,0.013484758808479044,0.0,431.108627086838,433.0351608506442,431.7357279460928,431.4632682100725
4.8999999999999835,-18.630638946240065,9.936099032830796,26.072695072956567,0.2345099463477851,0.40486036977358975,0.0,-11.911095134456884,5.326897801681102,2.442337192991707,0.02331230173283938,0.017929058890317647,0.0,431.386294723592,432.5109606434011,433.2345818167172,431.73928968698175
4.919999999999983,-18.869977047561548,10.042907947865288,26.121126534621812,0.23646690739323528,0.4067457541760575,0.0,-12.022714997691434,5.353993701768152,2.40080897353307,0.015590345994056069,0.010114192993422012,0.0,457.58438673684907,455.71353405890875,458.09059829771377,456.24419438870206
4.939999999999983,-19.111496718684446,10.15022592305716,26.168583145139532,0.2368694818164263,0.40991252535053846,0.0,-12.129252114598396,5.377803817419001,2.344852078238971,0.013684906377489398,-0.0007752281383230815,0.0,444.7476740564763,442.062858651104,443.05008578641946,442.5795914359222
4.959999999999982,-19.355349712832155,10.258120768020799,26.215341426532827,0.237147303770759,0.41009749779062243,0.0,-12.256047300172462,5.411680678944741,2.3309760610905803,0.013278762226599423,0.0020565698972069895,0.0,486.56673329360325,487.2025306554257,485.95187249577464,485.8603703513244
4.979999999999982,-19.601675455808873,10.366651800889453,26.261655254514114,0.2384466909148033,0.4122246231373907,0.0,-12.376526997499385,5.44142260792068,2.3004067370382564,0.019709351311628806,-0.007077966651133478,0.0,472.22552557217693,470.1061861251999,470.44218765579825,471.933943303286
4.999999999999981,-19.850293311931264,10.475707297723527,26.307064616026757,0.2390677018710221,0.41209767398310326,0.0,-12.485258614739683,5.464127075486748,2.240529414225742,0.022721486301870302,-0.006313501380895905,0.0,442.6678389335874,442.8566975572076,442.0755381387351,442.8197333532476
5.019999999999981,-20.101153932083758,10.585246929385447,26.351402257593783,0.24015638642610337,0.4156286084513452,0.0,-12.600803400509983,5.489836090705089,2.193234742476631,0.017684603023318906,0.005781463680416927,0.0,454.0916829693095,456.9942269030327,457.1477355359963,455.94170211523345
