episode,x,y,z,total_reward,rotor
1,0.0,0.0,157.4509359471104,-14350.22686296522,[902.1265458817472]
2,0.0,0.0,157.3805251127493,-14337.979532687275,[899.702654815065]
3,0.0,0.0,157.4634324699431,-14351.343087904497,[900.3154828471944]
4,0.0,0.0,157.48462149854245,-14348.04898553222,[900.4473858958654]
5,0.0,0.0,157.3837904616789,-14339.406681213304,[897.8567962470689]
6,0.0,0.0,157.37878951242274,-14339.255371341507,[899.5491433948796]
7,0.0,0.0,157.58736521812136,-14366.31182980761,[896.8659472464989]
8,0.0,0.0,157.3852212264722,-14338.695473842567,[900.7839573762336]
9,0.0,0.0,157.35675083746304,-14325.464027858246,[900.835637573062]
10,0.0,0.0,157.29674622628843,-14318.99009672122,[900.8908840751366]
11,0.0,0.0,157.38256032394992,-14326.729902928982,[901.6728418521869]
12,0.0,0.0,157.28051259870182,-14321.333281190793,[902.9292257949902]
13,0.0,0.0,157.45206073741946,-14350.066305299195,[897.557737801478]
14,0.0,0.0,157.3897479829164,-14334.930915450544,[899.8479612321078]
15,0.0,0.0,157.46697097115546,-14349.016169292501,[900.7032196932523]
16,0.0,0.0,157.41102420557075,-14338.900797415656,[898.2640200191673]
17,0.0,0.0,157.4985633969911,-14354.404296226945,[901.1839174054909]
18,0.0,0.0,157.4066773231754,-14344.950651080884,[897.7494725100245]
19,0.0,0.0,157.4740615634529,-14357.743329680348,[898.7083744414758]
20,0.0,0.0,157.45177556916474,-14342.367834704253,[896.007062287322]
21,0.0,0.0,157.44568574495145,-14343.68615063434,[897.9276930795434]
22,0.0,0.0,157.46587892675137,-14347.676022570284,[900.7534343448141]
23,0.0,0.0,157.41753871450203,-14335.920612407299,[901.31370915742]
24,0.0,0.0,157.34360390605633,-14339.694395451834,[898.148012411847]
25,0.0,0.0,157.527204664121,-14364.754915323263,[900.1878975960531]
26,0.0,0.0,157.43002423378348,-14351.839261030285,[902.3138738538732]
27,0.0,0.0,157.43312256797674,-14349.713486250432,[899.4681044354468]
28,0.0,0.0,157.40974990461405,-14346.633065775577,[899.7169021780838]
29,0.0,0.0,157.41058629442887,-14336.263384287278,[898.7870332391196]
30,0.0,0.0,157.45753523264742,-14343.632692901645,[898.5627853679781]
31,0.0,0.0,157.65167287472232,-14375.218425774794,[901.5102953092272]
32,0.0,0.0,157.46967406065264,-14344.98487366056,[902.2929609675241]
33,0.0,0.0,157.44457218139686,-14347.244126503192,[897.1462301625114]
34,0.0,0.0,157.5245342059095,-14359.80355881679,[900.3308810603402]
35,0.0,0.0,157.54945291831476,-14357.312964381306,[902.7930074077732]
36,0.0,0.0,157.34346232653317,-14339.65593205296,[897.5705890939649]
37,0.0,0.0,157.4292541225485,-14345.411419619422,[899.6918131222025]
38,0.0,0.0,157.5849521400981,-14371.315666520555,[902.5452641385699]
39,0.0,0.0,157.4506121066515,-14341.83547212639,[898.671183823635]
40,0.0,0.0,157.46320712185414,-14345.893670969988,[899.3349037376761]
41,0.0,0.0,157.45711292195355,-14353.420483671538,[899.457218978191]
42,0.0,0.0,157.49629020086417,-14354.198791325232,[900.3047786420162]
43,0.0,0.0,157.4774049428621,-14353.381924211686,[898.2243142937122]
44,0.0,0.0,157.48705236980098,-14347.638921571917,[899.6149095154899]
45,0.0,0.0,157.36242557515448,-14336.919022842489,[902.9850156953601]
46,0.0,0.0,157.59999866941038,-14363.833285897488,[901.5986373190358]
47,0.0,0.0,157.5214105469505,-14342.249272478808,[899.731479643052]
48,0.0,0.0,157.31625173580912,-14326.145050382222,[899.937078222882]
49,0.0,0.0,157.4725958664962,-14353.025197710398,[896.8992413801799]
50,0.0,0.0,157.51654700061323,-14358.20216058893,[901.0865125201644]
51,0.0,0.0,157.37446984812505,-14338.443879614359,[899.6957575463243]
52,0.0,0.0,157.55345265043997,-14358.60092579219,[900.8554533227799]
53,0.0,0.0,157.5431407044223,-14350.121540972566,[898.103899628079]
54,0.0,0.0,157.538204860306,-14361.839688533568,[896.5555998428864]
55,0.0,0.0,157.34182161146194,-14335.06827240422,[901.8203692133318]
56,0.0,0.0,157.44593827324704,-14355.360365814126,[900.4833099221665]
57,0.0,0.0,157.452402633966,-14348.884794759384,[899.1242472096965]
58,0.0,0.0,157.3770308784601,-14334.11271761595,[902.4878832432111]
59,0.0,0.0,157.42759303017806,-14341.105902296813,[898.3250020552381]
60,0.0,0.0,157.4184678633299,-14339.293778324229,[900.4087522144475]
61,0.0,0.0,157.46607775304594,-14348.846595914192,[898.6616984448675]
62,0.0,0.0,157.56519851827713,-14355.192041736207,[899.7952207099871]
63,0.0,0.0,157.41919637959396,-14334.766426363565,[901.3193526345888]
64,0.0,0.0,157.53698853532822,-14365.029804544753,[900.3312851212364]
65,0.0,0.0,157.54749943122508,-14369.287065701028,[901.4268574293706]
66,0.0,0.0,157.51857503700063,-14357.685692293664,[903.7385958222075]
67,0.0,0.0,157.52427219693544,-14356.48858320839,[902.3267677485177]
68,0.0,0.0,157.48650530466074,-14350.585808528274,[898.0846425043649]
69,0.0,0.0,157.53337038278244,-14351.980079432444,[898.7780341916781]
70,0.0,0.0,157.47933593849072,-14343.995952011617,[899.544305125332]
71,0.0,0.0,157.4576999648533,-14346.777338467658,[901.5857801813826]
72,0.0,0.0,157.47548446962512,-14349.730818355894,[901.8522412526099]
73,0.0,0.0,157.34125169304428,-14337.150756394418,[897.8234512843942]
74,0.0,0.0,157.31304401509982,-14334.926195080307,[898.5332901153845]
75,0.0,0.0,157.428420300027,-14341.397147312378,[897.2155070239189]
76,0.0,0.0,157.4899203715756,-14353.470715252924,[902.5906626151103]
77,0.0,0.0,157.3753132089922,-14337.687112254453,[898.6120937125229]
78,0.0,0.0,157.3884757306901,-14334.449864457021,[898.3055452955584]
79,0.0,0.0,157.42917739622112,-14358.51209971258,[902.7324475591715]
80,0.0,0.0,157.45917722205644,-14354.25587173521,[900.3773173318816]
81,0.0,0.0,157.34388925998744,-14338.696322610682,[899.1026594146532]
82,0.0,0.0,157.5323855639006,-14362.799352429942,[898.8321604712916]
83,0.0,0.0,157.47665283369392,-14363.689494238333,[900.3223850698223]
84,0.0,0.0,157.5327782222115,-14362.951039758436,[901.3579056825662]
85,0.0,0.0,157.4060135229321,-14347.477601442803,[899.1372601431749]
86,0.0,0.0,157.49317498633496,-14354.132748576541,[896.5706146003683]
87,0.0,0.0,157.59421661699443,-14361.54817627555,[901.3885264913613]
88,0.0,0.0,157.52663198357214,-14357.321535844574,[898.164512480966]
89,0.0,0.0,157.42369070974917,-14345.776429225241,[902.8891530881021]
90,0.0,0.0,157.55246989258688,-14362.111643368493,[899.0308321280107]
91,0.0,0.0,157.51261999950455,-14363.756896581912,[899.2167729508205]
92,0.0,0.0,157.62551792209425,-14370.053105655332,[899.0857586205259]
93,0.0,0.0,157.48241570455954,-14354.890116331871,[899.2187622540664]
94,0.0,0.0,157.42277604964085,-14345.84656900687,[902.8859210335679]
95,0.0,0.0,157.46992809747283,-14347.44070044655,[899.2254992281999]
96,0.0,0.0,157.4874636309445,-14353.321913564852,[897.5759257525998]
97,0.0,0.0,157.46320778673,-14351.14390172188,[899.3374791755067]
98,0.0,0.0,157.4963201985146,-14353.99819577506,[900.9866141331913]
99,0.0,0.0,157.5665289558516,-14356.070792582732,[898.0651135372162]
100,0.0,0.0,157.5834682962429,-14370.061765625005,[899.3491062239484]
101,0.0,0.0,157.42755911782115,-14344.331757571445,[897.7003273088251]
102,0.0,0.0,157.49581379170462,-14355.027701652612,[899.9548921609644]
103,0.0,0.0,157.5375215852413,-14351.631686332905,[898.9071135024791]
104,0.0,0.0,157.44246792060997,-14341.248011324433,[900.849476791764]
105,0.0,0.0,157.58772114378345,-14363.336516048525,[899.349927375608]
106,0.0,0.0,157.46161275159653,-14347.014309029806,[901.0023492595725]
107,0.0,0.0,157.36857283563884,-14340.194886206327,[898.2357013902292]
108,0.0,0.0,157.35137164036414,-14325.52965266261,[899.306862300654]
109,0.0,0.0,157.377259763817,-14322.22626947421,[901.0666963255496]
110,0.0,0.0,157.49132104246974,-14354.030827533634,[900.2696220981472]
111,0.0,0.0,157.52894234805754,-14358.75112121673,[900.1397319239808]
112,0.0,0.0,157.44294358724986,-14340.440162333029,[897.9690254830075]
113,0.0,0.0,157.52831402061747,-14364.073372744127,[896.4845679561619]
114,0.0,0.0,157.44849449126735,-14349.197474511122,[902.6196628982084]
115,0.0,0.0,157.45581328132874,-14347.132211158025,[901.8603158416531]
116,0.0,0.0,157.4309517463659,-14340.531783115555,[900.4782786904265]
117,0.0,0.0,157.5370637016585,-14354.337254275171,[899.5037606214671]
118,0.0,0.0,157.39288583388142,-14331.85443876508,[899.0631904269549]
119,0.0,0.0,157.47324972011683,-14344.030551459855,[899.597016392303]
120,0.0,0.0,157.4788054257297,-14341.763278989267,[900.1777543126273]
121,0.0,0.0,157.42107425850497,-14336.562401481488,[901.801004308055]
122,0.0,0.0,157.46880957488642,-14341.23516453188,[897.8009950926798]
123,0.0,0.0,157.56877596227395,-14372.053563402953,[896.8313385511261]
124,0.0,0.0,157.54497942445812,-14360.364750952132,[902.456003624032]
125,0.0,0.0,157.51310776885225,-14350.228627583107,[899.9514629931241]
126,0.0,0.0,157.32892615345395,-14324.357375594365,[900.7636837334828]
127,0.0,0.0,157.54137015427813,-14359.598238299528,[898.5904291202087]
128,0.0,0.0,157.46745754158718,-14352.865932465538,[896.8096178960225]
129,0.0,0.0,157.46132072986708,-14351.134325995403,[898.9267395731581]
130,0.0,0.0,157.49271030143842,-14359.998863715415,[899.289215330607]
131,0.0,0.0,157.45830191075498,-14352.147385788889,[896.7781602005845]
132,0.0,0.0,157.49523796803487,-14353.984582769135,[899.4408427286637]
133,0.0,0.0,157.53894798261362,-14360.21457993799,[900.8502094865494]
134,0.0,0.0,157.38345082818947,-14336.778545496918,[903.1792229868416]
135,0.0,0.0,157.400742466001,-14344.183830326867,[900.1306437358321]
136,0.0,0.0,157.42897158728212,-14349.751738121351,[898.8526379105847]
137,0.0,0.0,157.5477273896285,-14366.061511789232,[900.7809552335146]
138,0.0,0.0,157.46404015218502,-14350.701653576376,[898.1175730248256]
139,0.0,0.0,157.47455733806297,-14349.56608534258,[900.5405803417302]
140,0.0,0.0,157.44679300909633,-14344.843522657105,[901.1662626507473]
141,0.0,0.0,157.51839411671355,-14347.070485334147,[900.224022587754]
142,0.0,0.0,157.4041247314099,-14347.333127383023,[895.5928475533331]
143,0.0,0.0,157.50832047659213,-14345.414037925517,[898.5192439982796]
144,0.0,0.0,157.42879047597216,-14337.372170451774,[900.2004828166713]
145,0.0,0.0,157.37213664219098,-14340.820210211872,[900.4755471234369]
146,0.0,0.0,157.4063660173828,-14341.726176343886,[897.5283815208227]
147,0.0,0.0,157.41460579351954,-14342.143745801139,[901.6024934454326]
148,0.0,0.0,157.38296443450471,-14335.886764934065,[901.0874258125597]
149,0.0,0.0,157.53125797702216,-14350.452796871386,[900.252256171534]
150,0.0,0.0,157.4100151570879,-14343.492252030937,[900.5119142849259]
151,0.0,0.0,157.46477958933033,-14345.186724315507,[896.7160561249611]
152,0.0,0.0,157.58178510782986,-14351.572634252145,[900.5669052641417]
153,0.0,0.0,157.42173405632806,-14349.955371918795,[898.581856632944]
154,0.0,0.0,157.5611876879999,-14364.476581574687,[899.0426689696372]
155,0.0,0.0,157.45148297336266,-14345.85558316447,[898.5750994390824]
156,0.0,0.0,157.51469518519355,-14353.699515655264,[900.0489631983631]
157,0.0,0.0,157.4024497270041,-14340.208141659585,[901.6213708842009]
158,0.0,0.0,157.57080225862524,-14367.935594215103,[899.7660858615003]
159,0.0,0.0,157.54429713321625,-14356.636230287011,[897.95556740708]
160,0.0,0.0,157.5204737819893,-14362.18553441127,[899.8094557939512]
161,0.0,0.0,157.36526420804162,-14336.407079857867,[900.705373807408]
162,0.0,0.0,157.45166425134153,-14355.796851616946,[896.8648889825222]
163,0.0,0.0,157.3349785822141,-14332.64706147866,[898.9887462545547]
164,0.0,0.0,157.46645661349325,-14348.805192637517,[898.5347463131318]
165,0.0,0.0,157.39004213617878,-14332.198853586808,[899.8564121657319]
166,0.0,0.0,157.4466984479716,-14351.188021174208,[903.8684987834041]
167,0.0,0.0,157.4648832011582,-14345.493543334656,[901.2263035853833]
168,0.0,0.0,157.39103938022467,-14343.433489947363,[898.6206719963051]
169,0.0,0.0,157.44930203304813,-14347.180293514837,[902.4483086371445]
170,0.0,0.0,157.55681335656743,-14364.945250630502,[899.5115888250635]
171,0.0,0.0,157.4706920138425,-14349.481424020292,[898.2484916458953]
172,0.0,0.0,157.51999612439053,-14347.323607389304,[898.4434148574395]
173,0.0,0.0,157.52426301198403,-14360.323887560717,[900.4551822110468]
174,0.0,0.0,157.5008557505648,-14353.390588651753,[900.708068861624]
175,0.0,0.0,157.2983183019815,-14324.97507164633,[899.5650035655635]
176,0.0,0.0,157.42420987792622,-14336.088546171242,[899.4203044770013]
177,0.0,0.0,157.56118486094266,-14357.286874900932,[897.373607144004]
178,0.0,0.0,157.43995658871665,-14332.800761228118,[899.51269332697]
179,0.0,0.0,157.38218424490316,-14340.972109357852,[898.8994034550435]
180,0.0,0.0,157.42761354788144,-14343.847379390101,[900.0732076064601]
181,0.0,0.0,157.41217919963714,-14339.138463815141,[901.0849229848818]
182,0.0,0.0,157.47502972693113,-14350.420275847257,[900.4721300120157]
183,0.0,0.0,157.4622446264964,-14343.527502534589,[902.8075695550867]
184,0.0,0.0,157.40347147252226,-14336.851510071772,[900.3662325864328]
185,0.0,0.0,157.48909557552102,-14347.75228388324,[901.826042457742]
186,0.0,0.0,157.40779497713638,-14336.03880656649,[899.6808021977272]
187,0.0,0.0,157.46330897282607,-14349.696758018337,[899.373447519683]
188,0.0,0.0,157.56152694427223,-14363.982241879106,[900.4352517568857]
189,0.0,0.0,157.5038172198652,-14355.60934122411,[898.7077837782696]
190,0.0,0.0,157.60832541163586,-14374.218616964237,[898.7506314090743]
191,0.0,0.0,157.35452752502252,-14334.600356622386,[901.8441816449019]
192,0.0,0.0,157.52790572583626,-14354.033741287065,[899.771594777091]
193,0.0,0.0,157.41533560190197,-14341.79284804625,[899.431065802027]
194,0.0,0.0,157.5006172499676,-14356.154750118523,[900.4792859441156]
195,0.0,0.0,157.40999982962563,-14344.676788351084,[898.7265940920969]
196,0.0,0.0,157.40233115965907,-14341.03210591054,[900.468520181737]
197,0.0,0.0,157.54885003938375,-14361.741429723876,[899.0737855370143]
198,0.0,0.0,157.6151162683845,-14362.1864248258,[898.294668765404]
199,0.0,0.0,157.43216304604388,-14351.23850943937,[899.8381735411704]
200,0.0,0.0,157.45226384993452,-14345.056303183688,[901.9071555679133]
201,0.0,0.0,157.49812119167925,-14355.096597758862,[900.3554614656067]
202,0.0,0.0,157.5665387057336,-14360.667638494328,[899.0373456591066]
203,0.0,0.0,157.34881429043818,-14329.303664617077,[902.8081571175451]
204,0.0,0.0,157.44006369381466,-14346.814442261617,[902.8361141257991]
205,0.0,0.0,157.4776681544691,-14352.53705821071,[899.1953468855887]
206,0.0,0.0,157.45439407585508,-14338.977127402504,[898.7830034104708]
207,0.0,0.0,157.42439350710382,-14346.549243670894,[899.3690207585339]
208,0.0,0.0,157.36878127779647,-14335.702971466926,[898.8743394989785]
209,0.0,0.0,157.506383021887,-14361.188468584913,[899.0601049105503]
210,0.0,0.0,157.38984146663924,-14349.062247883645,[898.5514889456523]
211,0.0,0.0,157.5505148264907,-14368.239144611016,[901.1007580900515]
212,0.0,0.0,157.53837349499028,-14365.948032166789,[899.4803311831819]
213,0.0,0.0,157.47480009676758,-14356.788582911204,[896.8258935347924]
214,0.0,0.0,157.51839005234956,-14364.073626490383,[899.4786006629724]
215,0.0,0.0,157.40449394936218,-14326.404350885066,[901.0067264313761]
216,0.0,0.0,157.45524791150277,-14341.701680451293,[899.1512774601199]
217,0.0,0.0,157.45178205510896,-14346.61626807167,[901.5661075772394]
218,0.0,0.0,157.55663566775473,-14368.221255115004,[896.6544046580121]
219,0.0,0.0,157.3771545286634,-14340.86049174349,[897.8296989931276]
220,0.0,0.0,157.42891594537937,-14344.685734580484,[900.5582172258067]
221,0.0,0.0,157.37684920339802,-14341.299094477923,[903.6537673095312]
222,0.0,0.0,157.49931474219827,-14353.626241438382,[901.6218621757082]
223,0.0,0.0,157.39541503762229,-14341.07476973911,[899.6363055555428]
224,0.0,0.0,157.50536505538508,-14360.045885061594,[901.8717074392576]
225,0.0,0.0,157.47732470403503,-14346.83452278611,[901.6898818098051]
226,0.0,0.0,157.4519537085371,-14342.686808525674,[900.0408199530493]
227,0.0,0.0,157.40140958695707,-14339.605592675289,[901.7563766615741]
228,0.0,0.0,157.51153902450815,-14357.039147553885,[898.5765833763472]
229,0.0,0.0,157.28329487631888,-14316.549345970456,[898.2603393790794]
230,0.0,0.0,157.56241052455894,-14369.566834004416,[901.312496247528]
231,0.0,0.0,157.4057527357327,-14344.676320462824,[899.5296138776627]
232,0.0,0.0,157.51354547165283,-14358.358022671671,[899.6530394654314]
233,0.0,0.0,157.46389825926465,-14348.89709589253,[896.2205277857603]
234,0.0,0.0,157.5836335765903,-14370.838594008075,[899.0088999906291]
235,0.0,0.0,157.50574449996708,-14361.245811392697,[903.5287714506185]
236,0.0,0.0,157.48578666104527,-14350.266052852632,[897.6175385693443]
237,0.0,0.0,157.4109993834671,-14344.233647091061,[901.5217382941039]
238,0.0,0.0,157.51114086346848,-14357.226015743216,[900.7664165485844]
239,0.0,0.0,157.51058318952803,-14354.55161963664,[900.2194699071208]
240,0.0,0.0,157.57710736421942,-14368.669622642201,[898.0162063676278]
241,0.0,0.0,157.37967995298203,-14338.773647648251,[901.051616517493]
242,0.0,0.0,157.39155416267673,-14341.349737842149,[899.4455006704408]
243,0.0,0.0,157.29463112957185,-14326.897822034041,[901.5503489245525]
244,0.0,0.0,157.46280552738713,-14350.215297494467,[902.7923324637189]
245,0.0,0.0,157.50493625580575,-14351.68602740799,[899.1377031407075]
246,0.0,0.0,157.32894443675914,-14327.114947064527,[900.7080842939014]
247,0.0,0.0,157.45843528862179,-14350.71232846653,[902.8074395920643]
248,0.0,0.0,157.47376892160605,-14353.448971740998,[898.6913984647056]
249,0.0,0.0,157.45795177512503,-14346.081393693643,[901.3841434785109]
250,0.0,0.0,157.41342288773203,-14339.344149485281,[898.0698269374124]
251,0.0,0.0,157.42392707981278,-14340.192476323562,[902.9312849639696]
252,0.0,0.0,157.4946691073001,-14362.447523187682,[898.4528855544114]
253,0.0,0.0,157.53512369133395,-14360.743663980138,[900.3400767483699]
254,0.0,0.0,157.4097853516746,-14344.369663087275,[900.2719114540834]
255,0.0,0.0,157.37470516146428,-14335.289989049767,[896.762967762762]
256,0.0,0.0,157.55521212841285,-14368.140190519627,[899.6328425516176]
257,0.0,0.0,157.50577021474416,-14351.027774939736,[901.7619346779185]
258,0.0,0.0,157.4116257612224,-14340.380747039693,[898.698135716744]
259,0.0,0.0,157.48147831186088,-14353.567863087217,[903.1727498320504]
260,0.0,0.0,157.50523692905267,-14354.929341323117,[895.8935752303356]
261,0.0,0.0,157.3442478096748,-14330.751895512265,[897.4083490908041]
262,0.0,0.0,157.49864132111207,-14347.957749641993,[900.865355391114]
263,0.0,0.0,157.50151240528112,-14360.13968071837,[901.7413175615637]
264,0.0,0.0,157.49426943830508,-14348.177017422413,[901.8168123296097]
265,0.0,0.0,157.6402738038593,-14373.441656683113,[899.5887787052394]
266,0.0,0.0,157.40695735172716,-14349.213333051237,[897.4483658683383]
267,0.0,0.0,157.48584902259051,-14353.269132979756,[899.8517609663777]
268,0.0,0.0,157.5243065346135,-14353.402841121051,[900.4316554576232]
269,0.0,0.0,157.49104224695824,-14351.901241413501,[899.9215775551351]
270,0.0,0.0,157.3614818482218,-14340.495792016585,[899.9253534170227]
271,0.0,0.0,157.43305525838008,-14354.390887768168,[900.1124711019625]
272,0.0,0.0,157.40763218295584,-14344.06526510253,[902.6907417485014]
273,0.0,0.0,157.34556503782025,-14339.57307057378,[899.1642651914595]
274,0.0,0.0,157.5208974688008,-14355.18330553651,[901.0061556122295]
275,0.0,0.0,157.4597476915694,-14346.946406834837,[901.9029663618988]
276,0.0,0.0,157.46673955114602,-14352.072822581873,[901.7971181822782]
277,0.0,0.0,157.38111619846555,-14341.637312639725,[898.5724624292081]
278,0.0,0.0,157.42724030974594,-14348.095666868472,[899.9595500048564]
279,0.0,0.0,157.4720567553222,-14357.150299881772,[899.6760546478773]
280,0.0,0.0,157.48725407811565,-14340.283661679054,[900.1283968146033]
281,0.0,0.0,157.3959693815183,-14333.70969059019,[900.204410407322]
282,0.0,0.0,157.44217290361607,-14343.379968059111,[901.6463562979508]
283,0.0,0.0,157.50036760531077,-14357.585152987129,[899.3257648520346]
284,0.0,0.0,157.4266152712698,-14344.332451492182,[900.9099092757451]
285,0.0,0.0,157.3986174062259,-14343.0676944094,[903.913794960087]
286,0.0,0.0,157.41639616742708,-14338.619847991486,[898.8906135517954]
287,0.0,0.0,157.4188701147422,-14347.032278445427,[899.7420465367311]
288,0.0,0.0,157.4163710654595,-14336.347950097317,[901.0356611233985]
289,0.0,0.0,157.58282483965695,-14365.46603765477,[901.759976282715]
290,0.0,0.0,157.5106185214384,-14349.94863780788,[898.4613252077982]
291,0.0,0.0,157.55949236575762,-14361.719956186183,[900.89614064608]
292,0.0,0.0,157.58284063850667,-14357.51645992013,[900.6338979350961]
293,0.0,0.0,157.34589545282083,-14341.24116707539,[898.5758572471736]
294,0.0,0.0,157.46611917668534,-14349.51422193429,[902.0824210572143]
295,0.0,0.0,157.5448218568968,-14361.782391591687,[899.6774775894185]
296,0.0,0.0,157.4613173461535,-14352.419457038004,[898.5199775459606]
297,0.0,0.0,157.4165162627566,-14350.312405465507,[901.939151880873]
298,0.0,0.0,157.41821566835267,-14342.526523715775,[899.4057631584295]
299,0.0,0.0,157.43802105135498,-14340.942344742993,[898.6195516174229]
300,0.0,0.0,157.4550491431758,-14350.901766990293,[898.9407548587743]
301,0.0,0.0,157.38142466890298,-14336.79574462471,[902.8648192960184]
302,0.0,0.0,157.49300495300886,-14351.97379379467,[897.6186551315573]
303,0.0,0.0,157.4670789153897,-14351.45663171655,[900.2917936230352]
304,0.0,0.0,157.56789245608294,-14359.978997158398,[900.4125986377152]
305,0.0,0.0,157.44853259584147,-14347.23665193552,[895.5142674151388]
306,0.0,0.0,157.40190099231273,-14342.086166206538,[898.9975823483048]
307,0.0,0.0,157.47877265845946,-14355.833846506775,[895.7923722626442]
308,0.0,0.0,157.4788518867666,-14346.164581655945,[900.3726553856426]
309,0.0,0.0,157.5318553398061,-14353.00640973048,[902.6132729672787]
310,0.0,0.0,157.60151449843536,-14369.857174967394,[900.6651888701044]
311,0.0,0.0,157.37192027419502,-14343.260432330215,[899.1219228211044]
312,0.0,0.0,157.34621348852795,-14330.40392088018,[903.8442199677768]
313,0.0,0.0,157.45343431179552,-14345.925297880309,[899.8696847390556]
314,0.0,0.0,157.4404615995734,-14351.102887274365,[898.5175111175939]
315,0.0,0.0,157.52543650995284,-14362.110105612197,[899.1562877728248]
316,0.0,0.0,157.455161365499,-14343.183862535649,[899.5287783782875]
317,0.0,0.0,157.38492531902483,-14335.747514230157,[901.452442397323]
318,0.0,0.0,157.37538937694262,-14334.332348736238,[902.7663399712302]
319,0.0,0.0,157.3878477723366,-14338.715866280125,[898.2847963328779]
320,0.0,0.0,157.52176376709815,-14348.231538823275,[895.8983319844186]
321,0.0,0.0,157.4426037772384,-14347.32120288814,[900.3488711277921]
322,0.0,0.0,157.44448852887223,-14340.937455296329,[900.5944194281938]
323,0.0,0.0,157.510687840058,-14350.878759074038,[903.7496692427192]
324,0.0,0.0,157.49484350259536,-14348.347737825126,[897.8724018668906]
325,0.0,0.0,157.4755163716362,-14361.357887739394,[898.7020176204569]
326,0.0,0.0,157.41114836432752,-14345.947961751175,[900.7009445815103]
327,0.0,0.0,157.5388125951585,-14358.45886002168,[902.2901736637468]
328,0.0,0.0,157.43277209959044,-14342.382282549737,[901.9505885068428]
329,0.0,0.0,157.57293921715436,-14363.38440859767,[899.94216870423]
330,0.0,0.0,157.35794945935478,-14340.078327915842,[900.3205529072334]
331,0.0,0.0,157.53091529890239,-14367.000498535444,[899.0896483982499]
332,0.0,0.0,157.3854249791654,-14344.471124739981,[898.5609997521407]
333,0.0,0.0,157.3965957972971,-14342.336961606661,[899.2301685624349]
334,0.0,0.0,157.57732428934932,-14362.93166011207,[897.7059246147456]
335,0.0,0.0,157.2735003818093,-14329.060763031988,[901.9529967170075]
336,0.0,0.0,157.49415081697435,-14350.83655738258,[899.1009757368723]
337,0.0,0.0,157.50274071586745,-14353.257503963641,[898.7003069980924]
338,0.0,0.0,157.41298728006154,-14337.616139061322,[903.3500049714007]
339,0.0,0.0,157.60781254605328,-14368.540195197906,[900.8440418777718]
340,0.0,0.0,157.507343882434,-14348.661540752886,[900.3461848863567]
341,0.0,0.0,157.57255343272905,-14364.38667170107,[898.9432370226003]
342,0.0,0.0,157.51711892504824,-14351.03299733753,[899.2689454401163]
343,0.0,0.0,157.56242133181593,-14357.76059746496,[900.1075911982151]
344,0.0,0.0,157.5109178483167,-14357.909534306309,[901.8268231311843]
345,0.0,0.0,157.38731173065514,-14339.763544231182,[899.0464358240513]
346,0.0,0.0,157.48707307742077,-14354.383412051244,[901.0987418070763]
347,0.0,0.0,157.48558566558535,-14359.731192847275,[900.1520722349305]
348,0.0,0.0,157.39650106872432,-14341.312743708755,[900.7393232180358]
349,0.0,0.0,157.4475762297582,-14346.896939763388,[899.1546390603127]
350,0.0,0.0,157.4024554682717,-14337.40617490113,[900.9739613259584]
351,0.0,0.0,157.40393810379265,-14342.828022779413,[899.8015075732355]
352,0.0,0.0,157.4148942002346,-14343.557559945579,[898.1626192847118]
353,0.0,0.0,157.54494512011715,-14355.025609923985,[898.6561110898]
354,0.0,0.0,157.46965128308918,-14355.742557264739,[901.8366004544905]
355,0.0,0.0,157.5631950081349,-14364.495201347776,[900.0666260693682]
356,0.0,0.0,157.50621108819024,-14356.117230364456,[899.0980307776648]
357,0.0,0.0,157.48045158484453,-14348.87201775017,[899.8466415551617]
358,0.0,0.0,157.4595383837695,-14345.647571962714,[899.0068040725197]
359,0.0,0.0,157.54997675309718,-14362.129605048785,[898.7194335562249]
360,0.0,0.0,157.39065025059944,-14332.771484105873,[901.434102451091]
361,0.0,0.0,157.36983658669973,-14334.878243087023,[900.9553670052884]
362,0.0,0.0,157.4770048533229,-14357.076877767895,[896.7916457161504]
363,0.0,0.0,157.32132818201606,-14325.646202729762,[900.7788595208045]
364,0.0,0.0,157.42821220858278,-14340.440249742323,[897.553787151523]
365,0.0,0.0,157.55067623930074,-14361.91982810011,[900.382205616271]
366,0.0,0.0,157.33069593720924,-14335.015935511901,[896.3074941222542]
367,0.0,0.0,157.44019217679718,-14348.263625089714,[900.5685538284686]
368,0.0,0.0,157.49473085869192,-14357.097953583592,[904.0604287401782]
369,0.0,0.0,157.5761785662327,-14369.938244103689,[901.7016236336846]
370,0.0,0.0,157.41829070499506,-14340.463373778832,[898.2034422373799]
371,0.0,0.0,157.52415480079114,-14348.814937693089,[899.3004896332029]
372,0.0,0.0,157.39888554684882,-14348.407722370413,[901.4025846249585]
373,0.0,0.0,157.50844479671875,-14350.320826674604,[899.8554738118889]
374,0.0,0.0,157.52105614603767,-14359.106040046147,[899.628572161579]
375,0.0,0.0,157.4029748781384,-14339.198471128359,[901.3040126761528]
376,0.0,0.0,157.55039888703007,-14358.137658607457,[900.7473727395119]
377,0.0,0.0,157.44135101691776,-14349.411642841746,[897.7309467967268]
378,0.0,0.0,157.42395800460227,-14348.618547959646,[903.1950715192072]
379,0.0,0.0,157.39582472744806,-14342.816549527182,[896.5564356075205]
380,0.0,0.0,157.39516676025505,-14342.968686977718,[900.9815577416792]
381,0.0,0.0,157.46037478335484,-14349.610210479914,[902.6802983268242]
382,0.0,0.0,157.5448449802263,-14363.778575598284,[903.3378119877813]
383,0.0,0.0,157.48452509827996,-14350.232948174289,[901.2469385506541]
384,0.0,0.0,157.4148956170665,-14346.030205567517,[900.6440127078723]
385,0.0,0.0,157.65378523174093,-14374.124096167712,[898.9131429908442]
386,0.0,0.0,157.4437554160926,-14343.842279995337,[899.1940213396281]
387,0.0,0.0,157.50098185354352,-14355.210738818867,[902.657407265006]
388,0.0,0.0,157.43422718253174,-14345.07253743959,[900.9319270774427]
389,0.0,0.0,157.38219075051066,-14343.579970303703,[902.4270242312938]
390,0.0,0.0,157.4987647379389,-14352.397557220418,[900.9183885859713]
391,0.0,0.0,157.50451622711898,-14365.657419701936,[897.1908176169889]
392,0.0,0.0,157.60282681697046,-14367.224459645431,[902.6390392598527]
393,0.0,0.0,157.40499534034484,-14339.500117647574,[900.4647203918273]
394,0.0,0.0,157.41131324415684,-14343.455957823482,[900.3688206428773]
395,0.0,0.0,157.52679057033674,-14360.361111920753,[901.3840863689435]
396,0.0,0.0,157.48209207233236,-14351.76227200288,[898.70560431931]
397,0.0,0.0,157.48839053426846,-14352.300917104216,[902.1903454256787]
398,0.0,0.0,157.37563120443795,-14331.059047128329,[902.3528873877463]
399,0.0,0.0,157.58200875639156,-14363.016421229097,[901.3447350550708]
400,0.0,0.0,157.38283496149202,-14340.854670458833,[900.6847345837707]
401,0.0,0.0,157.58016499243055,-14360.716160211969,[900.5874694501313]
402,0.0,0.0,157.50161653189465,-14359.27786721007,[900.1523047170627]
403,0.0,0.0,157.36024137371783,-14333.327794780638,[901.0149280706337]
404,0.0,0.0,157.65659009134703,-14372.547303728194,[901.3947018876419]
405,0.0,0.0,157.47824070401222,-14346.780280853123,[899.7277680935961]
406,0.0,0.0,157.57006904299513,-14363.069516030162,[899.8200317375268]
407,0.0,0.0,157.51591691661324,-14357.355015165276,[899.0293614071606]
408,0.0,0.0,157.59426224585437,-14368.744628457254,[900.1579165398633]
409,0.0,0.0,157.543378812377,-14357.906191949667,[899.9463189328784]
410,0.0,0.0,157.59661239789085,-14374.294254868795,[899.3490649806635]
411,0.0,0.0,157.4295744314282,-14345.820071984888,[898.6007531934298]
412,0.0,0.0,157.40342304253744,-14347.321070848277,[901.1476109499046]
413,0.0,0.0,157.42801259911235,-14335.711519890097,[900.614405456809]
414,0.0,0.0,157.43587244416702,-14350.072120847886,[898.328234601269]
415,0.0,0.0,157.5131317091959,-14354.993995429886,[899.5487806704283]
416,0.0,0.0,157.42464681439301,-14344.606441487034,[900.5231358191255]
417,0.0,0.0,157.5322719794389,-14360.963240683139,[897.0514641054345]
418,0.0,0.0,157.40219213717046,-14340.365877101001,[903.0152978403744]
419,0.0,0.0,157.46220377391967,-14346.364665773592,[899.8727740980913]
420,0.0,0.0,157.63011877282247,-14376.33230440859,[900.2111263199201]
421,0.0,0.0,157.46561595676096,-14350.010496206407,[898.9098326202185]
422,0.0,0.0,157.4175997382726,-14338.950574687666,[899.1852022027564]
423,0.0,0.0,157.23770950496007,-14322.12352332821,[900.6057198267854]
424,0.0,0.0,157.4020212391691,-14341.47003132437,[902.3979238523506]
425,0.0,0.0,157.4754167119998,-14349.318668586919,[899.9391458565584]
426,0.0,0.0,157.4209336210251,-14343.002139501787,[898.3546681282736]
427,0.0,0.0,157.52358676763419,-14354.922953675197,[900.2543217785079]
428,0.0,0.0,157.36668576630606,-14336.610793134705,[900.6643999457345]
429,0.0,0.0,157.58945868924513,-14367.970651977057,[901.3585190823459]
430,0.0,0.0,157.4251722470283,-14342.512373836838,[902.4216372226986]
431,0.0,0.0,157.4883580481046,-14354.02900642301,[899.5053553569676]
432,0.0,0.0,157.4359551608625,-14349.360664599157,[900.3608637246242]
433,0.0,0.0,157.42931573950332,-14345.758222039298,[897.2921365643084]
434,0.0,0.0,157.40509957755515,-14336.966433446449,[898.1254117802478]
435,0.0,0.0,157.424710378024,-14341.956070156664,[901.5165796587188]
436,0.0,0.0,157.37777211456358,-14335.439935617118,[900.2199062645293]
437,0.0,0.0,157.29637709066822,-14324.90685465878,[898.2646898978346]
438,0.0,0.0,157.47689760056278,-14353.970027278721,[899.0725704677084]
439,0.0,0.0,157.3855052516038,-14341.983389301065,[898.7551413803807]
440,0.0,0.0,157.5878914728122,-14373.189648549062,[896.5939969904905]
441,0.0,0.0,157.59937826182485,-14370.286492733208,[902.3362091037717]
442,0.0,0.0,157.41701092396752,-14340.835927140384,[900.8842954460947]
443,0.0,0.0,157.4516975902231,-14345.949090663315,[899.2992766096728]
444,0.0,0.0,157.35143617703127,-14345.042914622496,[903.1964414546246]
445,0.0,0.0,157.37889109554217,-14348.667655550178,[898.6747780737182]
446,0.0,0.0,157.37880846300405,-14336.322376829447,[899.4607567350561]
447,0.0,0.0,157.40621136166206,-14345.959792309892,[897.9340487854063]
448,0.0,0.0,157.51838989950633,-14355.036624826347,[901.5822056386943]
449,0.0,0.0,157.59252630359967,-14367.811567394021,[900.6771723812133]
450,0.0,0.0,157.49510686282926,-14360.028834001367,[900.1743534006755]
451,0.0,0.0,157.49381658861648,-14356.801119926782,[899.2321253640796]
452,0.0,0.0,157.51722957762547,-14351.863157473601,[899.7819596050902]
453,0.0,0.0,157.56951747550602,-14366.375803778661,[902.0121054147623]
454,0.0,0.0,157.3905155767388,-14331.41977660054,[898.7022816142867]
455,0.0,0.0,157.50845485860552,-14360.840456707763,[897.7063617330043]
456,0.0,0.0,157.38620773507157,-14342.41879567086,[902.8731159077461]
457,0.0,0.0,157.4265315594675,-14350.50272847489,[900.2450955719553]
458,0.0,0.0,157.58485934430053,-14364.429544095578,[901.255595182746]
459,0.0,0.0,157.31271805735315,-14332.731874831254,[899.3218262331211]
460,0.0,0.0,157.62508776317674,-14366.633842812565,[899.6018404624599]
461,0.0,0.0,157.46625592546542,-14345.33663536494,[898.4553505684561]
462,0.0,0.0,157.37114292864015,-14346.506665980482,[900.6263709525053]
463,0.0,0.0,157.38650559807095,-14337.749143687965,[900.9331924802459]
464,0.0,0.0,157.60421345658986,-14368.706719438098,[900.9775501100534]
465,0.0,0.0,157.33991316590036,-14335.335932398903,[899.1556999200876]
466,0.0,0.0,157.44364787607378,-14346.0588569873,[900.0246023637735]
467,0.0,0.0,157.50587429783513,-14348.958435542381,[899.7732401976681]
468,0.0,0.0,157.48396512252668,-14349.139455364893,[901.2191692648811]
469,0.0,0.0,157.51736500053053,-14361.86069563909,[900.199022762443]
470,0.0,0.0,157.5264291741533,-14355.512462011018,[900.812361011843]
471,0.0,0.0,157.58614406501803,-14363.495907085375,[903.0004423470166]
472,0.0,0.0,157.49307098209655,-14358.697228494475,[896.4705382262383]
473,0.0,0.0,157.47285847095196,-14347.168632177216,[901.7640412279186]
474,0.0,0.0,157.46836134862968,-14351.303242358794,[902.5240339089136]
475,0.0,0.0,157.55061036009076,-14356.042185600572,[900.5438936504537]
476,0.0,0.0,157.48051480035758,-14348.45711004371,[897.4343387801072]
477,0.0,0.0,157.57872417469383,-14360.330879263383,[901.2870673293902]
478,0.0,0.0,157.43382792394036,-14345.229940903391,[897.6768353826594]
479,0.0,0.0,157.5317375531399,-14359.849231020191,[897.5361994591805]
480,0.0,0.0,157.5122324169353,-14361.231043471176,[900.1960476000376]
481,0.0,0.0,157.50242787759788,-14345.512960660542,[902.8785064904046]
482,0.0,0.0,157.4700781647521,-14353.157887988571,[900.2189845704002]
483,0.0,0.0,157.45075824278052,-14349.551694646198,[899.5066940743022]
484,0.0,0.0,157.59671222382366,-14368.042320718228,[902.0023055637057]
485,0.0,0.0,157.4483714830306,-14348.284157766519,[901.2691028733864]
486,0.0,0.0,157.50259782229892,-14353.991476465371,[900.8632345737328]
487,0.0,0.0,157.4174688682597,-14339.774770630474,[899.430372456115]
488,0.0,0.0,157.36562933531437,-14346.18631451777,[898.6250589248483]
489,0.0,0.0,157.45568959559606,-14341.051010000403,[900.5326909860703]
490,0.0,0.0,157.42803468478442,-14340.9655530161,[901.4840065078185]
491,0.0,0.0,157.66374258773627,-14376.960639373245,[899.0498955323544]
492,0.0,0.0,157.43103037903012,-14348.256405893286,[899.108467439337]
493,0.0,0.0,157.49630651768126,-14353.525104063556,[902.5481962569321]
494,0.0,0.0,157.59230076303672,-14366.779836050679,[899.8323460862464]
495,0.0,0.0,157.51223340055708,-14357.724056624429,[900.9658381444925]
496,0.0,0.0,157.41718045515773,-14334.600181875674,[902.3948183635848]
497,0.0,0.0,157.3289406801804,-14335.66769085136,[896.6582161731293]
498,0.0,0.0,157.5683781986862,-14353.915041437374,[901.4861909913952]
499,0.0,0.0,157.50692142418256,-14354.549988539191,[901.1092031602485]
500,0.0,0.0,157.30266931686924,-14332.871015780904,[898.2841360513057]
501,0.0,0.0,157.5119363342379,-14355.777200362085,[899.8871534271514]
502,0.0,0.0,157.4995894947549,-14359.715636283476,[899.9401757914236]
503,0.0,0.0,157.47453205367205,-14345.051154965926,[899.1800689125422]
504,0.0,0.0,157.44367959280868,-14346.807196462909,[899.3853505573577]
505,0.0,0.0,157.42842022762048,-14343.306861067878,[899.4630218229443]
506,0.0,0.0,157.48246047148348,-14352.319330703942,[901.2313320871298]
507,0.0,0.0,157.3146717682199,-14328.726694797511,[899.0555499894085]
508,0.0,0.0,157.44642002981178,-14339.119283241058,[898.5471601357561]
509,0.0,0.0,157.40699374325902,-14349.562217228367,[899.0089439020113]
510,0.0,0.0,157.45902012493636,-14340.54189642822,[899.6259328148548]
511,0.0,0.0,157.4359211157472,-14342.189969614394,[899.6890429204512]
512,0.0,0.0,157.64649876598375,-14381.475646294884,[901.0947863128121]
513,0.0,0.0,157.54565985784473,-14365.981789961606,[901.485916183965]
514,0.0,0.0,157.35684955903025,-14332.145222391817,[900.644799885863]
515,0.0,0.0,157.31819092961717,-14333.670114447932,[900.7143866918425]
516,0.0,0.0,157.4254342058961,-14350.498670265055,[899.2744595078954]
517,0.0,0.0,157.5735056858579,-14353.717376628836,[899.1281360878617]
518,0.0,0.0,157.4497127080172,-14341.700711318219,[895.3085632421082]
519,0.0,0.0,157.35018444544173,-14326.636779223125,[898.2167392133848]
520,0.0,0.0,157.4964976660105,-14344.540614476642,[902.6514473600861]
521,0.0,0.0,157.3939869274865,-14335.566252646291,[900.2285217893194]
522,0.0,0.0,157.4485599950388,-14346.368384172338,[899.9456178946268]
523,0.0,0.0,157.51451693356253,-14358.284031266125,[900.0121593052838]
524,0.0,0.0,157.53795741932052,-14360.230903653588,[898.3084281324069]
525,0.0,0.0,157.51788206471915,-14354.575471958675,[899.461380562186]
526,0.0,0.0,157.51729817460605,-14364.961798400576,[901.8450804978397]
527,0.0,0.0,157.44348285234662,-14342.262805103388,[900.0011292779553]
528,0.0,0.0,157.31279384572073,-14335.2804872604,[901.9119820446354]
529,0.0,0.0,157.3933229765459,-14339.856468865684,[900.3987533948662]
530,0.0,0.0,157.34918965170993,-14332.71950131863,[900.4148462269794]
531,0.0,0.0,157.48136296786427,-14347.220467872734,[898.8547409331159]
532,0.0,0.0,157.43748396758582,-14348.112997519944,[898.759176625076]
533,0.0,0.0,157.57374872292667,-14360.379947729514,[899.0806170467988]
534,0.0,0.0,157.48947603215973,-14355.655896362468,[901.762341263687]
535,0.0,0.0,157.43946325832883,-14339.406113955534,[898.6732636651506]
536,0.0,0.0,157.36253251375345,-14340.330060005967,[900.3523859718323]
537,0.0,0.0,157.3217660411194,-14330.613109460686,[901.0390808987171]
538,0.0,0.0,157.44174546387777,-14347.332568454716,[900.1158650215816]
539,0.0,0.0,157.50578168356384,-14350.15870914515,[896.8810259768653]
540,0.0,0.0,157.56118878675585,-14351.65549681418,[902.2072295336293]
541,0.0,0.0,157.45342871632644,-14351.875149879954,[900.6663030958147]
542,0.0,0.0,157.43022480932694,-14348.526976443789,[900.0497751453137]
543,0.0,0.0,157.35745874586993,-14330.62109581395,[899.5679278776277]
544,0.0,0.0,157.48177577547864,-14355.12034379826,[901.8458595060574]
545,0.0,0.0,157.4526935331154,-14347.985928671453,[900.5340848932739]
546,0.0,0.0,157.5431016516919,-14359.662279215338,[900.3547171533264]
547,0.0,0.0,157.52150850389665,-14348.524697349067,[900.1302106206092]
548,0.0,0.0,157.4349833521451,-14347.066947608399,[900.4725067379322]
549,0.0,0.0,157.57303266202987,-14358.099425618237,[902.2229726082577]
550,0.0,0.0,157.64183646383606,-14377.932135129686,[900.4509986380231]
551,0.0,0.0,157.6324830194973,-14374.623176622152,[896.3936170470637]
552,0.0,0.0,157.51557421842222,-14358.620430596276,[899.4277959587695]
553,0.0,0.0,157.50587609626638,-14355.594406581393,[899.6759727235179]
554,0.0,0.0,157.46693354594,-14354.017615237291,[902.3942464466095]
555,0.0,0.0,157.49922738675835,-14350.711996170527,[901.0298946890686]
556,0.0,0.0,157.48172773571355,-14358.537235834932,[898.8570552040594]
557,0.0,0.0,157.46306052022535,-14346.147911534908,[897.9182075640059]
558,0.0,0.0,157.41033328458357,-14338.477557909018,[899.2923969744061]
559,0.0,0.0,157.42712161917495,-14342.635342258207,[899.4246695419995]
560,0.0,0.0,157.40321714678905,-14346.440282659834,[901.1943248832112]
561,0.0,0.0,157.47443175514843,-14346.940429148122,[901.4567336399723]
562,0.0,0.0,157.57357597789775,-14360.0733767896,[901.4905017288746]
563,0.0,0.0,157.390078920789,-14339.344460950164,[900.3842412309037]
564,0.0,0.0,157.50120756018336,-14358.815070756615,[901.4609966750014]
565,0.0,0.0,157.54413946902721,-14360.898775908365,[900.3606382050297]
566,0.0,0.0,157.54135239717246,-14359.639323344423,[900.7179487104014]
567,0.0,0.0,157.51756849849122,-14357.60831277722,[901.2746539654622]
568,0.0,0.0,157.41878734227276,-14340.448986010198,[903.4199286166701]
569,0.0,0.0,157.37026460801275,-14340.297039221134,[898.0373069976725]
570,0.0,0.0,157.46979328525802,-14340.70414839452,[900.7156718678868]
571,0.0,0.0,157.41255352512349,-14341.314201135283,[899.8829325881178]
572,0.0,0.0,157.440156216632,-14349.19979551614,[899.1757908439583]
573,0.0,0.0,157.42357102639545,-14344.07910913891,[898.3273206738802]
574,0.0,0.0,157.41428938526903,-14341.860016428236,[897.8376476629588]
575,0.0,0.0,157.41846321194183,-14347.336918282634,[900.445564314904]
576,0.0,0.0,157.26365980825815,-14316.016443042601,[900.3244931097338]
577,0.0,0.0,157.47923338682082,-14349.71856427234,[902.5387315243089]
578,0.0,0.0,157.47581373136612,-14348.332478903381,[900.1290910504899]
579,0.0,0.0,157.40368601144897,-14341.915779646191,[898.6740489310966]
580,0.0,0.0,157.41920942321738,-14341.485499583188,[898.9079614541348]
581,0.0,0.0,157.3849287514492,-14338.963249956287,[898.0304376540099]
582,0.0,0.0,157.45571831916982,-14351.94491024522,[899.909299052072]
583,0.0,0.0,157.3657797698419,-14338.074391184304,[898.8432198935415]
584,0.0,0.0,157.49074482050415,-14354.204616275947,[899.8507803187312]
585,0.0,0.0,157.561206187237,-14358.640003140934,[899.3438079563856]
586,0.0,0.0,157.62192984837353,-14360.249396899724,[897.9119938087086]
587,0.0,0.0,157.54149669882452,-14365.167199594996,[901.6998104752614]
588,0.0,0.0,157.62716451053333,-14368.566559264007,[898.0477908636556]
589,0.0,0.0,157.53160968342416,-14352.705119795613,[900.2941457644349]
590,0.0,0.0,157.53516927706582,-14366.08003449859,[898.8725254169045]
591,0.0,0.0,157.41865437807743,-14339.795873917805,[901.3729032555283]
592,0.0,0.0,157.46948710047607,-14347.315597565756,[897.9667012563598]
593,0.0,0.0,157.36336318511783,-14337.922338949953,[901.2204490015561]
594,0.0,0.0,157.557002350061,-14354.884072867606,[898.0370243607609]
595,0.0,0.0,157.3724114366211,-14337.04564213031,[902.6706595942891]
596,0.0,0.0,157.49636828650165,-14358.66034899389,[901.4651695920453]
597,0.0,0.0,157.461754449478,-14347.322468263354,[899.6210440429116]
598,0.0,0.0,157.37708814248597,-14346.102842807055,[897.8415306502976]
599,0.0,0.0,157.49706201189858,-14349.990232256543,[900.3444646875129]
600,0.0,0.0,157.53032813117704,-14359.868673428513,[902.0643965560089]
601,0.0,0.0,157.43463759643353,-14353.792630332957,[897.8686500773448]
602,0.0,0.0,157.45601532596726,-14351.541625547157,[899.5650909429093]
603,0.0,0.0,157.49491445967885,-14350.676916337095,[899.0614553497317]
604,0.0,0.0,157.65661643140393,-14370.881958141923,[904.4114779820533]
605,0.0,0.0,157.48764153778797,-14354.37707478197,[897.5421183182385]
606,0.0,0.0,157.44058818201253,-14334.275917758414,[901.4734647371877]
607,0.0,0.0,157.55164496755572,-14357.979675766679,[899.7150616246569]
608,0.0,0.0,157.51671344439552,-14347.463624594446,[899.006213782277]
609,0.0,0.0,157.43897688428763,-14342.962330900202,[900.0985773636843]
610,0.0,0.0,157.30410762771118,-14316.188393520593,[902.5418677305877]
611,0.0,0.0,157.5782340471082,-14356.671769038825,[902.0402130897727]
612,0.0,0.0,157.54982508409591,-14355.766283858737,[899.0423032676246]
613,0.0,0.0,157.27577798191476,-14320.400698412543,[895.6664775943095]
614,0.0,0.0,157.40069680289926,-14344.765421240623,[895.5533145166652]
615,0.0,0.0,157.38072318900055,-14347.875661992724,[898.2111299618381]
616,0.0,0.0,157.48808572933072,-14361.827086591897,[902.1766620853562]
617,0.0,0.0,157.46510676176723,-14354.951450652314,[900.6855732271999]
618,0.0,0.0,157.48232208431153,-14356.261702315258,[900.7887564149229]
619,0.0,0.0,157.35263366789127,-14329.774648028604,[900.2676450120234]
620,0.0,0.0,157.49355224199405,-14355.565937771908,[899.860543829722]
621,0.0,0.0,157.50663007208487,-14354.49334392579,[899.1673214757211]
622,0.0,0.0,157.44255081578441,-14342.94917203542,[897.1536610113769]
623,0.0,0.0,157.40406781309687,-14344.001622116015,[897.6607081839358]
624,0.0,0.0,157.54462868315866,-14361.65008160051,[897.5666988752641]
625,0.0,0.0,157.48472416365126,-14348.008119842965,[900.4362008549875]
626,0.0,0.0,157.4551305653848,-14355.635199727505,[899.2174627141382]
627,0.0,0.0,157.56266203444912,-14362.053566196797,[898.1429529663287]
628,0.0,0.0,157.50438136176209,-14348.172168952462,[899.0525409836804]
629,0.0,0.0,157.449333999682,-14345.70215704394,[899.2190339503646]
630,0.0,0.0,157.47125146001585,-14349.119315183625,[899.5091133415384]
631,0.0,0.0,157.41980843463637,-14346.37652577947,[900.2394115315991]
632,0.0,0.0,157.415006123671,-14343.548118524379,[899.7685881245212]
633,0.0,0.0,157.48981636781312,-14354.45607303285,[897.9067196527224]
634,0.0,0.0,157.52701620719586,-14362.507953284567,[898.2680422979129]
635,0.0,0.0,157.54830122069936,-14353.724955376396,[901.1260862109482]
636,0.0,0.0,157.39567742228107,-14335.509922684032,[900.1700002597016]
637,0.0,0.0,157.45699450144747,-14348.359694151557,[900.4622967277566]
638,0.0,0.0,157.4986843151121,-14352.272994365161,[902.8176251355064]
639,0.0,0.0,157.44197908565005,-14348.560382797483,[899.9928392739122]
640,0.0,0.0,157.4152915874034,-14341.86023012379,[900.3359881237493]
641,0.0,0.0,157.57554430361085,-14351.243988695483,[901.2738553348727]
642,0.0,0.0,157.6277733429722,-14371.175738375136,[904.3133675263418]
643,0.0,0.0,157.52313975354764,-14356.668531916077,[900.2538638316162]
644,0.0,0.0,157.51785039247542,-14354.226362295794,[898.7924569431307]
645,0.0,0.0,157.48737909278876,-14353.47076787028,[897.1402717185914]
646,0.0,0.0,157.39539699673705,-14340.005651148966,[898.5471506791745]
647,0.0,0.0,157.5486646886478,-14355.97564226303,[902.9949658252599]
648,0.0,0.0,157.49992250737927,-14345.961419749428,[898.968788758352]
649,0.0,0.0,157.42713163082925,-14344.792435371706,[899.0049808320829]
650,0.0,0.0,157.5165748010106,-14359.531656383326,[901.1369391703149]
651,0.0,0.0,157.44436085255492,-14350.292030644787,[901.3676828440784]
652,0.0,0.0,157.57172019152867,-14361.149353320803,[902.9458434242997]
653,0.0,0.0,157.51979363558254,-14357.880707380975,[898.79481498999]
654,0.0,0.0,157.410249050593,-14348.74166313302,[899.2805964469007]
655,0.0,0.0,157.61422305953104,-14375.7466904886,[902.7509859778415]
656,0.0,0.0,157.35433931147432,-14341.769808724477,[899.8525403918247]
657,0.0,0.0,157.44778514609803,-14348.143261579005,[903.3371151155499]
658,0.0,0.0,157.36428048933124,-14342.753779018769,[898.9131779171487]
659,0.0,0.0,157.56770808325402,-14364.74275841118,[900.5911385973302]
660,0.0,0.0,157.4547342194771,-14349.439894333873,[902.0652234445204]
661,0.0,0.0,157.50008536602795,-14350.191600406903,[900.595725491526]
662,0.0,0.0,157.42715610388518,-14348.237869236791,[900.8539176061714]
663,0.0,0.0,157.44199488081455,-14349.677336434283,[899.6651194242618]
664,0.0,0.0,157.52831138962074,-14360.575323162742,[900.306102991654]
665,0.0,0.0,157.42854861323306,-14349.99966018257,[898.2204994925868]
666,0.0,0.0,157.49517631892044,-14358.981844030723,[899.992328812908]
667,0.0,0.0,157.61105467283244,-14365.239799837405,[902.7643748520742]
668,0.0,0.0,157.45114970567076,-14341.029516630584,[901.1376592413999]
669,0.0,0.0,157.55807171940845,-14352.332797514724,[900.0955741436677]
670,0.0,0.0,157.36684052360673,-14332.601806297736,[899.2033596349182]
671,0.0,0.0,157.46758977780925,-14353.666279952407,[900.3393650936205]
672,0.0,0.0,157.41148523761638,-14342.443361898966,[900.1520733827218]
673,0.0,0.0,157.39754979564455,-14343.974327234111,[900.2439006533459]
674,0.0,0.0,157.41775130914073,-14342.634514691958,[898.663717087708]
675,0.0,0.0,157.41096411529972,-14336.394416479625,[899.5279665468257]
676,0.0,0.0,157.44078720086958,-14347.565448903822,[897.2225122732885]
677,0.0,0.0,157.4061887773827,-14350.651877511802,[900.778344123954]
678,0.0,0.0,157.36292419823351,-14331.415423366203,[902.4839428130726]
679,0.0,0.0,157.3309254927025,-14333.033476344212,[903.6703100494822]
680,0.0,0.0,157.50161391373913,-14355.613263490579,[900.2046344178044]
681,0.0,0.0,157.5405770438054,-14369.127464112507,[898.4025986416599]
682,0.0,0.0,157.42694140209377,-14340.829521723337,[903.4360981023202]
683,0.0,0.0,157.46545515230756,-14368.645551293932,[896.692235199065]
684,0.0,0.0,157.5352750496192,-14360.537387808909,[897.8205620425579]
685,0.0,0.0,157.43067526751375,-14343.814654505173,[898.3180343794672]
686,0.0,0.0,157.372920816412,-14337.413376170865,[900.2684210371233]
687,0.0,0.0,157.3807582963294,-14342.520578889444,[896.1102425094848]
688,0.0,0.0,157.51396102726636,-14358.596829446766,[899.6863304408781]
689,0.0,0.0,157.45404885092657,-14354.543711653763,[899.3670502055124]
690,0.0,0.0,157.47305613247892,-14358.084217741902,[901.2141517001851]
691,0.0,0.0,157.5622153317721,-14369.46499013356,[899.9157805562988]
692,0.0,0.0,157.36985996797023,-14348.056088366782,[900.7387357114563]
693,0.0,0.0,157.3935811351959,-14343.148469152033,[896.3660538896293]
694,0.0,0.0,157.4208425115829,-14347.811155204425,[898.0485301264353]
695,0.0,0.0,157.48999861255353,-14356.684969426437,[900.0953365752749]
696,0.0,0.0,157.32450578855784,-14334.645232732937,[900.7457846322628]
697,0.0,0.0,157.4867990609641,-14352.092868707114,[896.7715113262843]
698,0.0,0.0,157.56589830628363,-14360.707471523972,[899.0612677264367]
699,0.0,0.0,157.43343501947484,-14337.935285848065,[898.2611374238214]
700,0.0,0.0,157.5777359437242,-14362.592985656082,[899.230263270015]
701,0.0,0.0,157.47850849464228,-14345.22472301174,[900.0760102860893]
702,0.0,0.0,157.45793293447244,-14345.630416028633,[898.5746238294853]
703,0.0,0.0,157.62802827341946,-14372.614561167613,[898.4701020332966]
704,0.0,0.0,157.40323114069813,-14347.058968760297,[899.9491225416408]
705,0.0,0.0,157.42890761272332,-14345.572587753539,[900.167337984539]
706,0.0,0.0,157.51635302246433,-14354.179921383819,[901.8737089582686]
707,0.0,0.0,157.38592864670971,-14330.75725652737,[902.4263281661163]
708,0.0,0.0,157.44751977623898,-14354.660766262428,[898.2812678825978]
709,0.0,0.0,157.44791302354506,-14346.15443395412,[896.5200661189108]
710,0.0,0.0,157.39613782304133,-14340.696462989774,[901.3522962239937]
711,0.0,0.0,157.49180233742865,-14354.960101450688,[903.0193271572391]
712,0.0,0.0,157.4637504541652,-14352.932762808945,[900.4647341268205]
713,0.0,0.0,157.52610447715503,-14354.935365620197,[899.7506807109995]
714,0.0,0.0,157.46710793596168,-14351.96657229014,[897.104557063158]
715,0.0,0.0,157.5774321827028,-14363.257940751912,[900.2441622562753]
716,0.0,0.0,157.47897035216639,-14353.306621019328,[899.6334238293083]
717,0.0,0.0,157.3166066272229,-14331.966401904792,[899.8855178850667]
718,0.0,0.0,157.35033664738214,-14338.151239196055,[902.2740977877835]
719,0.0,0.0,157.49986173420166,-14361.016711997294,[898.578049627142]
720,0.0,0.0,157.47786225669148,-14355.627081464616,[896.6604895749355]
721,0.0,0.0,157.43269001001232,-14339.466190663754,[900.6434657553755]
722,0.0,0.0,157.48957202408144,-14348.401100665924,[899.4952904164704]
723,0.0,0.0,157.31464834275002,-14322.122727774939,[901.1320180906489]
724,0.0,0.0,157.48912253165065,-14359.33730521666,[901.4961941247255]
725,0.0,0.0,157.54002969333334,-14363.886897012595,[902.3988652886518]
726,0.0,0.0,157.58871873440944,-14364.7218928211,[897.1762782603431]
727,0.0,0.0,157.41909727972538,-14345.463980674906,[899.2443261377612]
728,0.0,0.0,157.54026580386142,-14355.35357027782,[900.6107986718724]
729,0.0,0.0,157.5108938260831,-14355.615661793325,[897.1412219455254]
730,0.0,0.0,157.64254242476363,-14374.569733132445,[901.4670892925768]
731,0.0,0.0,157.56620091505542,-14359.268284878313,[902.1668073906357]
732,0.0,0.0,157.31337823213315,-14322.953067877852,[895.9633699086228]
733,0.0,0.0,157.5019027823188,-14346.183922506138,[901.9794043013644]
734,0.0,0.0,157.61581666459392,-14368.761318280363,[898.6230376911658]
735,0.0,0.0,157.54382470670106,-14359.632915607584,[897.7476988579556]
736,0.0,0.0,157.523584394231,-14353.786279007556,[901.5453135419111]
737,0.0,0.0,157.43863339569634,-14345.838112303005,[898.8260264207763]
738,0.0,0.0,157.49057828847654,-14349.356250418792,[899.0099993753802]
739,0.0,0.0,157.2915807201596,-14331.837213948704,[899.4580916770312]
740,0.0,0.0,157.50877162896168,-14354.875682885513,[904.3556108348773]
741,0.0,0.0,157.54025655811532,-14354.451087890313,[898.6742438536647]
742,0.0,0.0,157.47374632598866,-14353.936508262097,[899.2531329270043]
743,0.0,0.0,157.42916486403487,-14336.983389873498,[900.0758314185989]
744,0.0,0.0,157.49471790894182,-14349.511970028057,[900.1184231125671]
745,0.0,0.0,157.5487243069258,-14362.8842711752,[899.852004856558]
746,0.0,0.0,157.49281504919648,-14346.314008738627,[897.901179111915]
747,0.0,0.0,157.57257992272955,-14364.26014183349,[897.7116844958216]
748,0.0,0.0,157.38608077322706,-14331.219602401454,[900.3294470916981]
749,0.0,0.0,157.49492596999488,-14355.220524044866,[897.54845693892]
750,0.0,0.0,157.56576040626814,-14359.327637697315,[901.4966118815388]
751,0.0,0.0,157.41227317121704,-14341.119878388718,[898.8302757492106]
752,0.0,0.0,157.56350868024722,-14363.640388048338,[899.9050784264424]
753,0.0,0.0,157.49224326875805,-14350.275147561018,[898.1947668223372]
754,0.0,0.0,157.45604066709012,-14350.669112052257,[903.404839277534]
755,0.0,0.0,157.41235218771894,-14337.979388434696,[900.9799920722485]
756,0.0,0.0,157.4554848740525,-14342.684270523847,[898.3947441113817]
757,0.0,0.0,157.51645176594147,-14359.3844783786,[898.675410011383]
758,0.0,0.0,157.42473840055536,-14344.865421080027,[897.010568139036]
759,0.0,0.0,157.54138862305848,-14361.956755577472,[899.9330932374423]
760,0.0,0.0,157.49076798615397,-14347.140014130371,[897.6907197533399]
761,0.0,0.0,157.44759504165208,-14351.950157291067,[899.5531831717814]
762,0.0,0.0,157.5466231862946,-14358.065656479146,[900.8419527701819]
763,0.0,0.0,157.5014231460021,-14354.646035357899,[900.2687212155846]
764,0.0,0.0,157.40820406545748,-14342.790399995152,[900.0618855418361]
765,0.0,0.0,157.44403183095642,-14347.837174212209,[897.8994577719454]
766,0.0,0.0,157.4847479317975,-14360.6503834923,[901.4343067458033]
767,0.0,0.0,157.39460455430296,-14340.545033311999,[900.0816187608442]
768,0.0,0.0,157.46540262413924,-14346.715390053017,[900.9398321340487]
769,0.0,0.0,157.61771082413665,-14371.286032001422,[901.2752014746515]
770,0.0,0.0,157.61489005190157,-14367.768772164192,[897.242660326387]
771,0.0,0.0,157.3649238109574,-14332.096595513638,[901.0530999562227]
772,0.0,0.0,157.60328383453157,-14370.90385036455,[902.5560084884572]
773,0.0,0.0,157.39667763380112,-14334.748405641767,[898.4376393350401]
774,0.0,0.0,157.58408782027837,-14357.915095150818,[900.5077237534327]
775,0.0,0.0,157.49192663322563,-14342.681863818876,[901.7530830007277]
776,0.0,0.0,157.4644128555698,-14353.188504686714,[899.1176048228385]
777,0.0,0.0,157.41381474739737,-14341.362110014905,[901.3930451724227]
778,0.0,0.0,157.55665219710733,-14365.792004609688,[898.8933167143979]
779,0.0,0.0,157.3993592151274,-14335.411475258783,[901.2087273883359]
780,0.0,0.0,157.4682507964535,-14344.774743801207,[897.7680999818982]
781,0.0,0.0,157.5229348489528,-14352.02870100319,[899.9555813830307]
782,0.0,0.0,157.48801922827516,-14347.105777765619,[901.0048514536888]
783,0.0,0.0,157.4682816324282,-14341.633938937917,[901.090591126989]
784,0.0,0.0,157.52502887740084,-14362.159020955847,[898.7144234346214]
785,0.0,0.0,157.5235176401587,-14352.383573914109,[899.8764140724608]
786,0.0,0.0,157.36708848806254,-14334.773267090914,[896.9674875952351]
787,0.0,0.0,157.38619413047587,-14346.022116828886,[898.2950014372583]
788,0.0,0.0,157.4407990807057,-14344.270069545408,[900.7685581382943]
789,0.0,0.0,157.45923749906856,-14347.821848899786,[900.0489736382298]
790,0.0,0.0,157.52938394537085,-14352.39422326638,[903.1922808318272]
791,0.0,0.0,157.4593138664797,-14343.328917331724,[896.6848074400133]
792,0.0,0.0,157.40953887873584,-14336.688514656622,[900.1140076302727]
793,0.0,0.0,157.43410836069606,-14350.650922466668,[897.0613083059892]
794,0.0,0.0,157.57653214451125,-14364.915687069071,[899.5117056176979]
795,0.0,0.0,157.52750483532887,-14354.75005086979,[898.6130836395423]
796,0.0,0.0,157.54245598123205,-14361.73138692988,[899.3867564816205]
797,0.0,0.0,157.50047211127537,-14355.942064176914,[897.9866626211485]
798,0.0,0.0,157.37361384151703,-14341.518581581126,[900.2225781236052]
799,0.0,0.0,157.36958121636522,-14338.429898667122,[900.8267405305764]
800,0.0,0.0,157.4772547726594,-14344.220813440505,[898.1473016050957]
801,0.0,0.0,157.605187148081,-14359.7830375222,[901.0378537229121]
802,0.0,0.0,157.46008149215785,-14339.812394150244,[900.3402040479378]
803,0.0,0.0,157.33880636672035,-14330.153613289149,[901.2266325540609]
804,0.0,0.0,157.45189067788397,-14354.672062518672,[901.219567281178]
805,0.0,0.0,157.51338812190707,-14358.431030899112,[899.941115213523]
806,0.0,0.0,157.50343996595257,-14347.02812050336,[901.89420604826]
807,0.0,0.0,157.5054294180095,-14365.984791384744,[903.8808635561802]
808,0.0,0.0,157.3635577494285,-14336.83256778547,[899.4872383804692]
809,0.0,0.0,157.39657972063557,-14343.687659640233,[900.411969078602]
810,0.0,0.0,157.45183168105038,-14343.250772004469,[897.7628124561246]
811,0.0,0.0,157.39626899786964,-14344.364077070419,[899.698142046157]
812,0.0,0.0,157.56699042862485,-14359.57987221686,[902.0001729360333]
813,0.0,0.0,157.51420736014344,-14365.748980003196,[898.547794050184]
814,0.0,0.0,157.45594878558464,-14353.417869024086,[903.8852844613339]
815,0.0,0.0,157.42007045928386,-14353.008515788499,[897.3368855898003]
816,0.0,0.0,157.57708795764722,-14354.24145792761,[903.093845754608]
817,0.0,0.0,157.55504212071108,-14364.776693938764,[900.6952776883996]
818,0.0,0.0,157.594465584822,-14369.479409464328,[900.1275704739415]
819,0.0,0.0,157.52664270772868,-14356.35880836276,[901.1372923607796]
820,0.0,0.0,157.49838445357284,-14356.560148394146,[898.5539972751927]
821,0.0,0.0,157.4988624893171,-14351.532042723698,[900.4820706533418]
822,0.0,0.0,157.4989504562871,-14345.824250647414,[902.7890857368044]
823,0.0,0.0,157.3842838728932,-14336.867451676866,[898.20657008063]
824,0.0,0.0,157.40922676093942,-14342.75432377653,[899.8614312898296]
825,0.0,0.0,157.3917888541633,-14342.650022390419,[896.5500932429462]
826,0.0,0.0,157.45078828570902,-14349.62163270703,[898.4232559093798]
827,0.0,0.0,157.3518986605265,-14337.162191101346,[900.9151193192334]
828,0.0,0.0,157.51167440213794,-14357.509334794975,[897.6121014580159]
829,0.0,0.0,157.42691310051393,-14341.771322196475,[902.7190441288665]
830,0.0,0.0,157.41901889268553,-14344.983298789532,[901.3207202618927]
831,0.0,0.0,157.49438356693867,-14355.666141022764,[898.8406193364685]
832,0.0,0.0,157.6217721036887,-14369.102752018265,[901.8449275453988]
833,0.0,0.0,157.49934312611825,-14353.198064200242,[900.6221929745915]
834,0.0,0.0,157.38537625243376,-14352.23031279342,[899.3268651159315]
835,0.0,0.0,157.4320470992842,-14336.65159066863,[901.3192471265316]
836,0.0,0.0,157.4528120022067,-14345.812935701717,[900.2576286175108]
837,0.0,0.0,157.56627089508478,-14358.850970824704,[900.3326861175266]
838,0.0,0.0,157.52072766534874,-14350.178423069476,[898.3774216596678]
839,0.0,0.0,157.52211528835105,-14364.906019776034,[899.6338456602348]
840,0.0,0.0,157.4541259349281,-14346.237634858675,[899.1052471460966]
841,0.0,0.0,157.39317756700768,-14341.600461390515,[900.5708838693844]
842,0.0,0.0,157.48414736602894,-14352.715888386298,[898.6731212623888]
843,0.0,0.0,157.50591546616832,-14354.319993447183,[900.6368759902585]
844,0.0,0.0,157.5817748783825,-14359.109596911268,[900.3052480345884]
845,0.0,0.0,157.38545889870127,-14338.54073711313,[902.3150195074588]
846,0.0,0.0,157.47611702297647,-14340.261891826021,[901.7551426195195]
847,0.0,0.0,157.47958441320722,-14359.219286243348,[901.7996600807387]
848,0.0,0.0,157.45964608857113,-14340.983405391751,[898.8735956680357]
849,0.0,0.0,157.33605429342532,-14335.308707777076,[900.4855063038597]
850,0.0,0.0,157.38960875862554,-14344.630485517566,[897.9779970213198]
851,0.0,0.0,157.41644410993266,-14343.534164464165,[900.7664011961841]
852,0.0,0.0,157.34138473205567,-14327.611549281592,[898.3437304269387]
853,0.0,0.0,157.4445663803798,-14349.427121553654,[899.4212871662075]
854,0.0,0.0,157.4591915379916,-14344.938652736604,[899.8797822270719]
855,0.0,0.0,157.43744108614345,-14350.04945709661,[898.6975345450805]
856,0.0,0.0,157.45861074019027,-14358.922523257836,[900.1041461552294]
857,0.0,0.0,157.4155875897274,-14338.973979791843,[901.2982471770569]
858,0.0,0.0,157.38149428497303,-14339.569858291987,[900.5526839278299]
859,0.0,0.0,157.42723784543767,-14338.971285353617,[901.7511197410481]
860,0.0,0.0,157.646055757517,-14367.48067697824,[899.022374028857]
861,0.0,0.0,157.42348055667284,-14346.231537455777,[902.3876135065271]
862,0.0,0.0,157.43678240192105,-14345.24289429096,[899.5683662435907]
863,0.0,0.0,157.32727076786517,-14323.879545335707,[901.5318960345962]
864,0.0,0.0,157.4921726742967,-14353.931308719697,[899.7396618522129]
865,0.0,0.0,157.49491638400744,-14356.83653957367,[902.4453783975061]
866,0.0,0.0,157.50698545073752,-14353.123167424961,[899.5154968441253]
867,0.0,0.0,157.4378764221291,-14346.326796745292,[899.4906209024992]
868,0.0,0.0,157.4367752733704,-14343.108726334844,[900.0975676689129]
869,0.0,0.0,157.45065271667053,-14350.00352922021,[898.7950557049611]
870,0.0,0.0,157.42677660762854,-14344.748613525471,[896.504033576556]
871,0.0,0.0,157.38381485913715,-14342.182022134119,[898.4523154620889]
872,0.0,0.0,157.41404193770666,-14336.697537898459,[900.4331430697431]
873,0.0,0.0,157.46102232008465,-14351.434720825453,[900.6050112189898]
874,0.0,0.0,157.5614153786712,-14365.09815968029,[899.8716172589247]
875,0.0,0.0,157.4061712428194,-14342.487644995188,[902.7965354862353]
876,0.0,0.0,157.43242618138228,-14337.187341740082,[899.0199710112892]
877,0.0,0.0,157.5081662982334,-14357.730422194187,[899.4012885559972]
878,0.0,0.0,157.366726398704,-14338.736653878812,[899.2012197506167]
879,0.0,0.0,157.40507616830112,-14349.310419457708,[902.40645894656]
880,0.0,0.0,157.38089013902388,-14335.3509757309,[900.2982420913754]
881,0.0,0.0,157.40388435144254,-14344.321823608077,[900.1608716585888]
882,0.0,0.0,157.5447210582359,-14346.591903403218,[901.3137313934227]
883,0.0,0.0,157.53023115974506,-14360.438150988475,[898.406650617589]
884,0.0,0.0,157.26654084933068,-14329.371323364947,[899.3541051886401]
885,0.0,0.0,157.49340649171592,-14356.310653199713,[901.1779784743497]
886,0.0,0.0,157.53958258551117,-14367.542905876688,[898.8565465930576]
887,0.0,0.0,157.43049632456803,-14352.280444066664,[900.370858546555]
888,0.0,0.0,157.43948692423845,-14347.347778685049,[899.6656079968262]
889,0.0,0.0,157.43560233634898,-14336.05634580095,[903.8639352840972]
890,0.0,0.0,157.44429186832713,-14349.006256710914,[900.0202481796046]
891,0.0,0.0,157.57741587218612,-14365.879540795979,[898.911488935391]
892,0.0,0.0,157.47641961229434,-14340.895889122328,[899.3279252324143]
893,0.0,0.0,157.42887181619622,-14350.026253239364,[899.6307738670774]
894,0.0,0.0,157.50488218310704,-14351.73095328459,[900.899473588153]
895,0.0,0.0,157.59881073399978,-14364.398918554425,[898.6306295623958]
896,0.0,0.0,157.41591317533056,-14346.31439534899,[897.9106128972724]
897,0.0,0.0,157.5055700297827,-14361.925754921467,[903.0905503307356]
898,0.0,0.0,157.4438148715213,-14353.122755087572,[896.191429615818]
899,0.0,0.0,157.47403713600679,-14348.442456472982,[900.2793797742954]
900,0.0,0.0,157.3806097643619,-14340.757802948472,[901.0625856498788]
901,0.0,0.0,157.48340261688224,-14342.704600885858,[897.5390431339208]
902,0.0,0.0,157.5749692851511,-14361.713651101973,[902.4229792955746]
903,0.0,0.0,157.44393663187404,-14346.88262777009,[897.7772014713634]
904,0.0,0.0,157.53334863722958,-14357.604284344827,[900.6991710579343]
905,0.0,0.0,157.40240761824842,-14329.10456504323,[901.7788060315319]
906,0.0,0.0,157.6292102685822,-14366.338773345724,[894.7652209465558]
907,0.0,0.0,157.64685228345564,-14378.128947543692,[899.8788563790429]
908,0.0,0.0,157.4422583736282,-14350.30953087583,[900.3190246197015]
909,0.0,0.0,157.50285239875396,-14362.125564926364,[901.2519526122235]
910,0.0,0.0,157.3850584780716,-14334.853415477057,[900.0103152508844]
911,0.0,0.0,157.45867500163666,-14345.294051243709,[900.2945265048692]
912,0.0,0.0,157.53621539176967,-14357.38432783324,[901.8276743435006]
913,0.0,0.0,157.48837712945598,-14351.75540413286,[900.4216044603575]
914,0.0,0.0,157.47910322861276,-14359.166081994805,[897.7361017578139]
915,0.0,0.0,157.43153588848372,-14338.846564997093,[902.5245353478767]
916,0.0,0.0,157.61478850482825,-14364.588547777088,[902.3173577903968]
917,0.0,0.0,157.4945063781869,-14360.349465350037,[899.5660939585377]
918,0.0,0.0,157.46030297083155,-14344.477308693376,[901.8080469844517]
919,0.0,0.0,157.38153464084172,-14341.183252104689,[900.4504616138704]
920,0.0,0.0,157.48841025065977,-14339.941990919262,[899.8343932336536]
921,0.0,0.0,157.40212811624963,-14341.387828348456,[899.0467643244209]
922,0.0,0.0,157.42929646716198,-14344.104534345484,[901.5949348725592]
923,0.0,0.0,157.47568023313966,-14356.656751048271,[899.5192636636298]
924,0.0,0.0,157.43941118258314,-14343.973684012868,[899.8185539297587]
925,0.0,0.0,157.37003464282273,-14338.963102006632,[900.0727881882577]
926,0.0,0.0,157.29643796446013,-14326.10473577434,[898.9863178504812]
927,0.0,0.0,157.61870770232488,-14365.288367153162,[899.2802686197014]
928,0.0,0.0,157.60375096511146,-14365.968259962016,[900.1571392048724]
929,0.0,0.0,157.30525896601353,-14328.839139440146,[897.659601411483]
930,0.0,0.0,157.34768436144668,-14338.67496926242,[897.7217244017896]
931,0.0,0.0,157.43576907604447,-14347.800222700007,[900.2521112432158]
932,0.0,0.0,157.43402609212816,-14346.340181384172,[899.4712935463987]
933,0.0,0.0,157.5616382726135,-14361.490223086737,[900.9820684667465]
934,0.0,0.0,157.50549389306119,-14355.692322969178,[903.6765666323112]
935,0.0,0.0,157.43159710060831,-14345.938090338483,[902.5878259660584]
936,0.0,0.0,157.29447739765882,-14323.040741370143,[899.2081822466359]
937,0.0,0.0,157.52048986526776,-14367.418394744329,[900.6662087958464]
938,0.0,0.0,157.37536547192758,-14331.463750603594,[899.7148710571752]
939,0.0,0.0,157.38366806714748,-14341.261424217897,[902.0045480466332]
940,0.0,0.0,157.54388235886825,-14365.10691286531,[899.7092950765938]
941,0.0,0.0,157.59609072410709,-14353.932461447655,[899.6571280381856]
942,0.0,0.0,157.3598327567547,-14333.32045267767,[898.6001498538077]
943,0.0,0.0,157.5797407729078,-14359.928296622624,[902.8303443065515]
944,0.0,0.0,157.40231495922842,-14340.589159144209,[900.1913106426799]
945,0.0,0.0,157.43813752676763,-14345.405959308684,[900.2155252994473]
946,0.0,0.0,157.49047696576838,-14358.937208152623,[902.1175669736116]
947,0.0,0.0,157.42191825120318,-14343.666372030248,[900.9534459822304]
948,0.0,0.0,157.38219351527582,-14337.378794791373,[901.277044827675]
949,0.0,0.0,157.44762720410174,-14349.806224636568,[899.4497474339651]
950,0.0,0.0,157.49270549877372,-14361.521071829377,[900.6825832486747]
951,0.0,0.0,157.57440793946648,-14365.686339029451,[898.5079576428509]
952,0.0,0.0,157.5898511798621,-14363.76353723836,[898.0280106777723]
953,0.0,0.0,157.46531795105767,-14352.921030111422,[900.7394092041225]
954,0.0,0.0,157.41557211679253,-14345.992266070924,[898.917884491849]
955,0.0,0.0,157.54413370078478,-14356.757709249454,[900.2003502772837]
956,0.0,0.0,157.44297215270257,-14343.083089814725,[899.6173647411526]
957,0.0,0.0,157.57056192490543,-14365.900899528911,[897.293839052851]
958,0.0,0.0,157.55197421153005,-14357.576441060053,[900.6432059269159]
959,0.0,0.0,157.48768395931657,-14354.705139192985,[897.8944607478134]
960,0.0,0.0,157.52912269526345,-14357.700572794703,[901.4449042305257]
961,0.0,0.0,157.47328350165714,-14342.891644187339,[899.6671413636408]
962,0.0,0.0,157.38389149640662,-14334.370358590651,[901.2730538181949]
963,0.0,0.0,157.45823696764856,-14352.853889616783,[899.9470951919781]
964,0.0,0.0,157.31878305930852,-14322.79913581848,[897.5909093647406]
965,0.0,0.0,157.4979636645859,-14359.32992878741,[898.4165762911119]
966,0.0,0.0,157.5622631553464,-14356.243076067394,[897.6850251281587]
967,0.0,0.0,157.4400831610031,-14351.383705738857,[898.8435753029038]
968,0.0,0.0,157.44825326407337,-14345.03099753542,[902.2529166085963]
969,0.0,0.0,157.54821777862293,-14364.328037886089,[899.7175003603443]
970,0.0,0.0,157.42744435088272,-14342.489016328893,[899.6526830003318]
971,0.0,0.0,157.44079031815278,-14354.205336139012,[897.0515716414659]
972,0.0,0.0,157.5821044830032,-14357.34076094232,[901.7091242929221]
973,0.0,0.0,157.49062022659984,-14348.58754928703,[901.9316725198976]
974,0.0,0.0,157.56422042283637,-14365.101616471036,[899.5076944769412]
975,0.0,0.0,157.45776379888048,-14345.001605913742,[901.3167113874753]
976,0.0,0.0,157.46836585163382,-14353.15333155712,[898.3377804927289]
977,0.0,0.0,157.54035799696803,-14369.365310661353,[897.4194654502033]
978,0.0,0.0,157.46719365677527,-14347.488967147201,[896.6900213292389]
979,0.0,0.0,157.49567246502994,-14352.940912679169,[899.4767508834383]
980,0.0,0.0,157.4885392724839,-14350.642210536213,[899.6976350457002]
981,0.0,0.0,157.52337237003186,-14356.365792327082,[901.8229538548004]
982,0.0,0.0,157.4011110332021,-14339.111126667516,[900.4387478538946]
983,0.0,0.0,157.51381129033345,-14349.719650356727,[900.4658165328708]
984,0.0,0.0,157.39562155047693,-14347.41644394193,[897.5666832146718]
985,0.0,0.0,157.42076356518047,-14349.826306328572,[899.5492887669135]
986,0.0,0.0,157.40200554107486,-14340.212859894267,[898.9114061780145]
987,0.0,0.0,157.4048175978494,-14340.242763127095,[898.8624277827852]
988,0.0,0.0,157.5129176759825,-14357.384297280498,[898.048254674904]
989,0.0,0.0,157.393460490137,-14339.582980409377,[902.2732475976735]
990,0.0,0.0,157.54561005492602,-14367.893444741823,[900.5509219187915]
991,0.0,0.0,157.51232660009674,-14344.954868947993,[899.9933121580365]
992,0.0,0.0,157.6506211842645,-14378.516494659698,[898.0058892558621]
993,0.0,0.0,157.5617604117343,-14362.047162654637,[902.8336903591036]
994,0.0,0.0,157.48020756403838,-14350.637410730977,[901.8079937128731]
995,0.0,0.0,157.53387276569188,-14355.486346748545,[900.0950595871774]
996,0.0,0.0,157.4529015726517,-14351.367738360006,[900.3074289732776]
997,0.0,0.0,157.48435668255024,-14355.244352906015,[899.3126977646676]
998,0.0,0.0,157.46746509992911,-14345.689919291342,[900.5892795729839]
999,0.0,0.0,157.5045414548318,-14348.226617924161,[902.0773244291784]
1000,0.0,0.0,157.43601899487476,-14345.532604637601,[903.7581892627552]
